4803            
4               
13              
0               
1               
19              
17409           
0               
0               
0               
17413           
32              
2               
6               
0               
1               

// Volume Independent Parameters
1               
0               
0               
0               
0               
0               
0               
0               
0               
0               
20              
5               
500             
5000            
-96             
-80             
-50             
-30             
0               
-86             
-70             
-40             
-25             
-25             
1               
0               
32              
32              
32              
32              
32              
32              
32              
32              
32              
32              
32              
32              
32              
32              
32              
32              
32              
32              
32              
32              
32              
32              
32              
32              
32              
32              
32              
32              
32              
32              
32              
32              
32              
32              
32              
32              
32              
32              
32              
32              
32              
32              
32              
32              
32              
32              
32              
32              
32              
32              
32              
32              
32              
32              
32              
32              
32              
32              
32              
32              
32              
32              
32              
32              
32              
32              
32              
32              
32              
32              
32              
32              
32              
32              
32              
32              
32              
32              
32              
32              
32              
32              
32              
32              
32              
32              
32              
32              
32              
32              
32              
32              
32              
32              
32              
32              
32              
32              
32              
32              
32              
32              
32              
32              
32              
32              
32              
32              
32              
32              
32              
32              
32              
32              
32              
32              
32              
32              
32              
32              
32              
32              
32              
32              
32              
32              
32              
32              
32              
32              
32              
32              
32              
32              
32              
32              
32              
32              
32              
32              
32              
32              
32              
32              
32              
32              
32              
32              
32              
32              
32              
32              
32              
32              
32              
32              
32              
32              
32              
32              
32              
32              
32              
32              
32              
32              
32              
32              
32              
32              
32              
32              
32              
32              
32              
32              
32              
32              
32              
32              
32              
32              
32              
32              
32              
32              
32              
32              
32              
32              
32              
32              
12              
12              
12              
12              
12              
11              
11              
11              
11              
11              
11              
11              
11              
11              
10              
10              
10              
10              
10              
10              
10              
10              
10              
9               
9               
9               
9               
9               
9               
9               
9               
9               
9               
9               
9               
9               
9               
9               
9               
9               
9               
9               
9               
9               
9               
9               
9               
9               
9               
9               
9               
9               
9               
9               
8               
8               
8               
8               
8               
8               
8               
8               
8               
8               
8               
8               
8               
8               
7               
7               
7               
7               
7               
7               
7               
7               
7               
7               
7               
7               
7               
7               
7               
7               
7               
6               
6               
6               
6               
6               
6               
6               
6               
6               
6               
5               
5               
5               
5               
5               
5               
5               
5               
4               
4               
4               
4               
4               
4               
4               
4               
4               
4               
3               
3               
3               
3               
3               
3               
3               
3               
3               
3               
3               
3               
2               
2               
2               
2               
2               
2               
2               
2               
2               
2               
2               
2               
2               
2               
2               
2               
2               
2               
2               
2               
2               
2               
2               
2               
2               
2               
2               
2               
2               
2               
2               
2               
2               
2               
2               
2               
2               
2               
2               
2               
2               
2               
2               
2               
2               
2               
2               
2               
2               
2               
2               
3               
3               
3               
3               
3               
3               
3               
3               
3               
3               
3               
3               
3               
3               
3               
3               
3               
3               
3               
3               
3               
4               
4               
4               
4               
4               
4               
4               
4               
4               
4               
4               
4               
4               
4               
4               
4               
4               
4               
4               
4               
4               
5               
5               
5               
5               
5               
5               
5               
5               
5               
5               
5               
5               
5               
5               
5               
6               
6               
6               
6               
6               
6               
6               
6               
6               
6               
6               
7               
7               
7               
7               
7               
7               
7               
7               
7               
7               
7               
7               
7               
7               
7               
7               
7               
8               
8               
8               
8               
8               
8               
8               
8               
8               
8               
8               
8               
8               
9               
9               
9               
9               
9               
9               
9               
9               
9               
9               
9               
9               
9               
9               
9               
9               
9               
9               
10              
10              
10              
10              
10              
10              
10              
10              
10              
10              
10              
11              
11              
11              
11              
11              
11              
11              
11              
11              
11              
11              
11              
12              
12              
12              
12              
12              
12              
12              
12              
12              
13              
14              
15              
15              
15              
14              
14              
13              
12              
12              
12              
11              
11              
11              
11              
11              
11              
11              
11              
11              
10              
10              
10              
10              
10              
10              
9               
8               
7               
7               
7               
7               
6               
6               
5               
5               
5               
5               
5               
4               
4               
4               
4               
4               
5               
5               
5               
5               
5               
5               
5               
5               
5               
5               
5               
5               
5               
5               
5               
5               
5               
5               
8               
8               
32              
32              
32              
32              
32              
32              
32              
32              
32              
32              
32              
32              
32              
32              
32              
32              
32              
32              
32              
32              
32              
32              
32              
32              
32              
32              
32              
32              
32              
32              
32              
32              
32              
32              
32              
32              
32              
32              
32              
32              
32              
32              
32              
32              
32              
32              
32              
32              
32              
32              
32              
32              
32              
32              
32              
32              
32              
32              
32              
32              
32              
32              
32              
32              
32              
32              
32              
32              
32              
32              
32              
32              
32              
32              
32              
32              
32              
32              
32              
32              
32              
32              
32              
32              
32              
32              
32              
32              
32              
32              
32              
32              
32              
32              
32              
32              
32              
32              
32              
32              
32              
32              
32              
32              
32              
32              
32              
32              
32              
32              
32              
32              
32              
32              
32              
32              
32              
32              
32              
32              
32              
32              
32              
32              
32              
32              
32              
32              
32              
32              
32              
32              
32              
32              
32              
32              
32              
32              
32              
32              
32              
32              
32              
32              
32              
32              
32              
32              
32              
32              
32              
32              
32              
32              
32              
32              
32              
32              
32              
32              
32              
32              
32              
32              
32              
32              
32              
32              
32              
32              
32              
32              
32              
32              
32              
32              
32              
32              
32              
32              
32              
32              
32              
32              
32              
32              
32              
32              
32              
32              
32              
32              
20              
19              
19              
19              
19              
19              
18              
18              
18              
18              
17              
17              
17              
16              
16              
15              
15              
15              
15              
14              
14              
14              
13              
13              
12              
12              
12              
12              
11              
11              
11              
11              
10              
10              
10              
10              
10              
9               
9               
9               
9               
9               
9               
8               
8               
8               
8               
8               
8               
8               
7               
7               
7               
7               
7               
7               
7               
7               
6               
6               
6               
6               
6               
6               
6               
6               
5               
5               
5               
5               
5               
5               
5               
5               
4               
4               
4               
4               
4               
4               
4               
4               
4               
4               
4               
4               
3               
3               
3               
3               
3               
3               
3               
3               
3               
3               
3               
3               
3               
3               
3               
3               
2               
2               
2               
2               
2               
2               
2               
2               
2               
2               
2               
2               
2               
2               
2               
2               
2               
2               
2               
3               
3               
3               
3               
3               
3               
3               
3               
3               
3               
3               
3               
3               
3               
3               
3               
3               
4               
4               
4               
4               
4               
4               
4               
4               
4               
4               
5               
5               
5               
5               
5               
5               
5               
5               
5               
5               
5               
6               
6               
6               
6               
6               
6               
6               
6               
6               
6               
6               
7               
7               
7               
7               
7               
7               
7               
7               
7               
7               
7               
8               
8               
8               
8               
8               
8               
8               
8               
8               
8               
8               
8               
9               
9               
9               
9               
9               
9               
9               
10              
10              
10              
10              
11              
11              
11              
11              
11              
12              
12              
12              
12              
12              
12              
12              
12              
12              
12              
13              
13              
13              
13              
13              
13              
13              
13              
13              
14              
14              
14              
14              
14              
14              
14              
14              
14              
14              
14              
14              
14              
14              
14              
14              
14              
14              
14              
14              
14              
14              
14              
14              
14              
14              
14              
14              
14              
14              
15              
15              
15              
15              
15              
15              
15              
15              
15              
15              
15              
15              
15              
15              
15              
15              
15              
15              
15              
16              
16              
16              
16              
16              
16              
16              
16              
17              
17              
17              
17              
17              
18              
18              
18              
18              
18              
18              
19              
19              
19              
20              
20              
20              
21              
21              
22              
22              
22              
23              
23              
23              
24              
24              
24              
24              
24              
24              
23              
23              
23              
23              
23              
22              
22              
23              
24              
26              
28              
25              
22              
20              
18              
17              
17              
16              
15              
15              
14              
14              
13              
12              
11              
10              
10              
9               
9               
8               
8               
7               
7               
7               
6               
6               
5               
5               
5               
5               
5               
5               
5               
4               
5               
5               
5               
6               
6               
5               
5               
6               
6               
6               
6               
6               
6               
6               
6               
6               
6               
6               
6               
6               
6               
6               
6               
6               
6               
6               
10              
10              
32              
32              
32              
32              
32              
32              
32              
32              
32              
32              
32              
32              
32              
32              
32              
32              
32              
32              
32              
32              
32              
32              
32              
32              
32              
32              
32              
32              
32              
32              
32              
32              
32              
32              
32              
32              
32              
32              
32              
32              
32              
32              
32              
32              
32              
32              
32              
32              
32              
32              
32              
32              
32              
32              
32              
32              
32              
32              
32              
32              
32              
32              
32              
32              
32              
32              
32              
32              
32              
32              
32              
32              
32              
32              
32              
32              
32              
32              
32              
32              
32              
32              
32              
32              
32              
32              
32              
32              
32              
32              
32              
32              
32              
32              
32              
32              
32              
32              
32              
32              
32              
32              
32              
32              
32              
32              
32              
32              
32              
32              
32              
32              
32              
32              
32              
32              
32              
32              
32              
32              
32              
32              
32              
32              
32              
32              
32              
32              
32              
32              
32              
32              
32              
32              
32              
32              
32              
32              
32              
32              
32              
32              
32              
32              
32              
32              
32              
32              
32              
32              
32              
32              
32              
32              
32              
32              
32              
32              
32              
32              
32              
32              
32              
32              
32              
32              
32              
32              
32              
32              
32              
32              
32              
32              
32              
32              
32              
32              
32              
32              
32              
32              
32              
32              
32              
32              
32              
32              
32              
32              
32              
32              
8               
8               
8               
7               
7               
7               
7               
7               
7               
7               
7               
7               
7               
7               
7               
7               
7               
7               
6               
6               
6               
6               
6               
6               
6               
6               
6               
6               
6               
6               
7               
7               
7               
7               
7               
7               
7               
7               
7               
7               
7               
7               
7               
7               
7               
7               
7               
7               
7               
7               
7               
7               
7               
7               
6               
6               
6               
6               
6               
6               
6               
6               
6               
6               
6               
6               
6               
6               
6               
6               
5               
5               
5               
5               
5               
5               
5               
5               
5               
5               
5               
5               
4               
4               
4               
4               
4               
4               
4               
4               
4               
4               
4               
4               
4               
3               
3               
3               
3               
3               
3               
3               
3               
3               
3               
3               
3               
3               
3               
3               
3               
3               
3               
3               
3               
2               
2               
2               
2               
2               
2               
2               
2               
2               
2               
2               
2               
2               
2               
2               
2               
2               
2               
2               
2               
2               
2               
2               
2               
2               
2               
2               
2               
2               
2               
2               
2               
2               
2               
2               
2               
2               
2               
2               
2               
2               
2               
2               
2               
2               
2               
3               
3               
3               
3               
3               
3               
3               
3               
3               
3               
3               
3               
3               
3               
3               
3               
3               
3               
3               
3               
3               
3               
4               
4               
4               
4               
4               
4               
4               
4               
4               
4               
4               
4               
4               
4               
4               
4               
4               
4               
4               
5               
5               
5               
5               
5               
5               
5               
5               
5               
5               
5               
5               
5               
5               
5               
6               
6               
6               
6               
6               
6               
6               
6               
6               
6               
6               
6               
6               
6               
6               
6               
6               
6               
7               
7               
7               
7               
7               
7               
7               
7               
7               
7               
8               
8               
8               
8               
8               
8               
8               
8               
8               
8               
8               
8               
8               
8               
8               
8               
8               
9               
9               
9               
9               
9               
9               
9               
9               
9               
9               
9               
9               
9               
9               
9               
9               
9               
9               
9               
9               
9               
9               
9               
9               
9               
9               
9               
9               
9               
9               
9               
9               
9               
9               
9               
9               
10              
10              
10              
10              
10              
10              
10              
10              
10              
10              
10              
10              
10              
10              
11              
11              
11              
11              
11              
11              
11              
11              
12              
12              
13              
14              
14              
13              
12              
11              
9               
8               
7               
6               
6               
5               
5               
5               
4               
4               
4               
4               
4               
4               
4               
3               
3               
3               
3               
3               
3               
3               
3               
4               
4               
4               
5               
5               
5               
6               
6               
6               
6               
6               
6               
6               
6               
7               
7               
8               
8               
8               
8               
8               
8               
8               
8               
8               
8               
8               
8               
8               
8               
8               
8               
8               
8               
8               
7               
7               
32              
32              
32              
32              
32              
32              
32              
32              
32              
32              
32              
32              
32              
32              
32              
32              
32              
32              
32              
32              
32              
32              
32              
32              
32              
32              
32              
32              
32              
32              
32              
32              
32              
32              
32              
32              
32              
32              
32              
32              
32              
32              
32              
32              
32              
32              
32              
32              
32              
32              
32              
32              
32              
32              
32              
32              
32              
32              
32              
32              
32              
32              
32              
32              
32              
32              
32              
32              
32              
32              
32              
32              
32              
32              
32              
32              
32              
32              
32              
32              
32              
32              
32              
32              
32              
32              
32              
32              
32              
32              
32              
32              
32              
32              
32              
32              
32              
32              
32              
32              
32              
32              
32              
32              
32              
32              
32              
32              
32              
32              
32              
32              
32              
32              
32              
32              
32              
32              
32              
32              
32              
32              
32              
32              
32              
32              
32              
32              
32              
32              
32              
32              
32              
32              
32              
32              
32              
32              
32              
32              
32              
32              
32              
32              
32              
32              
32              
32              
32              
32              
32              
32              
32              
32              
32              
32              
32              
32              
32              
32              
32              
32              
32              
32              
32              
32              
32              
32              
32              
32              
32              
32              
32              
32              
32              
32              
32              
32              
32              
32              
32              
32              
32              
32              
32              
32              
32              
32              
32              
32              
32              
32              
32              
32              
32              
32              
32              
32              
32              
32              
32              
32              
32              
32              
32              
32              
32              
32              
32              
32              
32              
32              
32              
32              
32              
32              
32              
32              
32              
32              
32              
32              
32              
32              
32              
32              
32              
32              
32              
32              
32              
32              
32              
32              
32              
32              
32              
32              
32              
32              
32              
32              
32              
32              
32              
32              
32              
32              
32              
32              
32              
32              
32              
32              
32              
32              
32              
32              
32              
32              
32              
32              
32              
32              
32              
32              
32              
32              
32              
32              
32              
32              
32              
32              
32              
32              
32              
32              
32              
32              
32              
32              
32              
32              
32              
32              
32              
32              
32              
32              
32              
32              
32              
32              
32              
32              
32              
32              
32              
32              
32              
32              
32              
32              
32              
32              
32              
32              
32              
32              
32              
32              
32              
32              
32              
32              
32              
32              
32              
32              
32              
32              
32              
32              
32              
32              
32              
32              
32              
32              
32              
32              
32              
32              
32              
32              
32              
32              
32              
32              
32              
32              
32              
32              
32              
32              
32              
32              
32              
32              
32              
32              
32              
32              
32              
32              
32              
32              
32              
32              
32              
32              
32              
32              
32              
32              
32              
32              
32              
32              
32              
32              
32              
32              
32              
32              
32              
32              
32              
32              
32              
32              
32              
32              
32              
32              
32              
32              
32              
32              
32              
32              
32              
32              
32              
32              
32              
32              
32              
32              
32              
32              
32              
32              
32              
32              
32              
32              
32              
32              
32              
32              
32              
32              
32              
32              
32              
32              
32              
32              
32              
32              
32              
32              
32              
32              
32              
32              
32              
32              
32              
32              
32              
32              
32              
32              
32              
32              
32              
32              
32              
32              
32              
32              
32              
32              
32              
32              
32              
32              
32              
32              
32              
32              
32              
32              
32              
32              
32              
32              
32              
32              
32              
32              
32              
32              
32              
32              
32              
32              
32              
32              
32              
32              
32              
32              
32              
32              
32              
32              
32              
32              
32              
32              
32              
32              
32              
32              
32              
32              
32              
32              
32              
32              
32              
32              
32              
32              
32              
32              
32              
32              
32              
32              
32              
32              
32              
32              
32              
32              
32              
32              
32              
32              
32              
32              
32              
32              
32              
32              
32              
32              
32              
32              
32              
32              
32              
32              
32              
32              
32              
32              
32              
32              
32              
32              
32              
32              
32              
32              
32              
32              
32              
32              
32              
32              
32              
32              
32              
32              
32              
32              
32              
32              
32              
32              
32              
32              
32              
32              
32              
32              
32              
32              
32              
32              
32              
32              
32              
32              
32              
32              
32              
32              
32              
32              
32              
32              
32              
32              
1               
33              
32767           
30              
120             
20              
20              
0               
0               
0               
1               
500             
0               
-20             
32767           
0               
-15             
5               
-67             
-73             
-79             
-83             
-80             
-84             
-89             
-91             
-94             
-96             
-97             
-98             
-99             
-97             
-101            
-102            
-102            
-102            
-102            
-104            
-104            
-102            
-102            
-104            
-104            
-104            
-104            
-104            
-104            
-104            
-106            
-107            
-107            
-105            
-105            
-107            
-104            
-104            
-105            
-106            
-107            
-107            
-106            
-107            
-106            
-107            
-107            
-106            
-107            
-106            
-106            
-108            
-107            
-108            
-109            
-109            
-106            
-106            
-107            
-106            
-106            
-107            
-106            
-106            
-107            
-108            
-108            
-108            
-107            
-108            
-107            
-108            
-106            
-106            
-108            
-107            
-108            
-106            
-106            
-107            
-107            
-106            
-106            
-107            
-107            
-107            
-107            
-107            
-107            
-107            
-106            
-107            
-107            
-106            
-105            
-106            
-106            
-106            
-107            
-107            
-107            
-107            
-106            
-106            
-107            
-106            
-106            
-107            
-106            
-106            
-108            
-106            
-106            
-108            
-105            
-104            
-105            
-106            
-106            
-107            
-107            
-106            
-106            
-106            
-106            
-107            
-106            
-105            
-106            
-105            
-105            
-106            
-107            
-106            
-105            
-106            
-105            
-105            
-104            
-105            
-105            
-105            
-105            
-105            
-106            
-105            
-106            
-105            
-105            
-104            
-105            
-106            
-106            
-105            
-104            
-105            
-104            
-104            
-103            
-104            
-105            
-104            
-104            
-104            
-103            
-105            
-104            
-104            
-104            
-104            
-104            
-105            
-103            
-104            
-105            
-104            
-103            
-103            
-106            
-104            
-105            
-104            
-104            
-103            
-103            
-104            
-104            
-103            
-103            
-105            
-105            
-104            
-102            
-102            
-103            
-102            
-101            
-102            
-102            
-103            
-102            
-102            
-102            
-103            
-103            
-101            
-102            
-102            
-103            
-100            
-102            
-101            
-102            
-103            
-102            
-103            
-103            
-102            
-101            
-102            
-102            
-101            
-102            
-103            
-102            
-102            
-103            
-103            
-103            
-103            
-102            
-102            
-103            
-103            
-102            
-102            
-101            
-103            
-103            
-103            
-104            
-102            
-102            
-102            
-102            
-102            
-102            
-102            
-102            
-103            
-102            
-102            
-101            
-102            
-102            
-103            
-103            
-102            
-102            
-103            
-102            
-102            
-101            
-102            
-101            
-101            
-102            
-102            
-101            
-101            
-101            
-103            
-102            
-101            
-101            
-101            
-100            
-100            
-102            
-101            
-101            
-102            
-101            
-102            
-102            
-101            
-101            
-101            
-101            
-101            
-100            
-102            
-101            
-100            
-100            
-99             
-100            
-101            
-100            
-100            
-100            
-100            
-100            
-100            
-98             
-99             
-99             
-99             
-100            
-99             
-98             
-99             
-99             
-98             
-99             
-98             
-98             
-99             
-99             
-98             
-97             
-97             
-98             
-99             
-97             
-97             
-96             
-97             
-97             
-96             
-97             
-97             
-96             
-97             
-96             
-97             
-96             
-96             
-96             
-95             
-95             
-93             
-96             
-96             
-95             
-96             
-95             
-95             
-97             
-93             
-92             
-96             
-96             
-98             
-98             
-98             
-98             
-97             
-97             
-97             
-97             
-99             
-99             
-98             
-99             
-99             
-99             
-100            
-101            
-99             
-100            
-100            
-100            
-99             
-100            
-101            
-101            
-102            
-101            
-100            
-100            
-100            
-100            
-100            
-99             
-102            
-101            
-102            
-103            
-101            
-101            
-101            
-102            
-102            
-102            
-102            
-102            
-102            
-103            
-103            
-103            
-102            
-103            
-104            
-102            
-101            
-101            
-102            
-102            
-103            
-103            
-104            
-102            
-102            
-102            
-103            
-102            
-102            
-103            
-103            
-105            
-104            
-104            
-101            
-103            
-103            
-102            
-103            
-105            
-104            
-103            
-103            
-105            
-103            
-103            
-103            
-102            
-103            
-103            
-103            
-104            
-104            
-104            
-102            
-103            
-105            
-103            
-103            
-104            
-104            
-104            
-103            
-104            
-103            
-102            
-103            
-103            
-102            
-103            
-103            
-103            
-103            
-103            
-105            
-104            
-103            
-103            
-103            
-103            
-104            
-104            
-103            
-103            
-102            
-104            
-102            
-103            
-102            
-102            
-103            
-103            
-103            
-103            
-103            
-103            
-103            
-103            
-103            
-104            
-104            
-103            
-92             
-92             
-92             
-92             
-92             
-92             
-92             
-92             
-92             
-92             
-92             
-92             
-92             
-92             
-92             
-92             
-92             
-92             
-92             
-82             
-82             
-82             
-92             
-92             
-79             
-82             
-80             
-83             
-90             
-93             
-94             
-96             
-96             
-97             
-99             
-99             
-101            
-101            
-102            
-102            
-102            
-103            
-103            
-103            
-104            
-104            
-105            
-105            
-104            
-105            
-104            
-105            
-105            
-104            
-107            
-107            
-106            
-106            
-105            
-105            
-105            
-105            
-106            
-106            
-106            
-107            
-106            
-106            
-106            
-106            
-106            
-106            
-106            
-106            
-107            
-107            
-108            
-107            
-105            
-108            
-108            
-107            
-107            
-107            
-106            
-106            
-106            
-106            
-106            
-107            
-107            
-108            
-108            
-108            
-107            
-108            
-107            
-106            
-106            
-106            
-107            
-106            
-107            
-107            
-107            
-107            
-108            
-108            
-108            
-107            
-106            
-107            
-106            
-108            
-108            
-108            
-108            
-106            
-106            
-106            
-106            
-106            
-106            
-106            
-107            
-107            
-107            
-107            
-107            
-106            
-106            
-108            
-108            
-107            
-106            
-107            
-106            
-106            
-105            
-105            
-105            
-106            
-106            
-106            
-106            
-106            
-105            
-105            
-105            
-105            
-106            
-105            
-105            
-106            
-106            
-105            
-106            
-105            
-106            
-107            
-106            
-105            
-105            
-105            
-105            
-106            
-105            
-104            
-105            
-105            
-105            
-104            
-104            
-103            
-105            
-104            
-104            
-104            
-104            
-105            
-106            
-106            
-105            
-104            
-105            
-105            
-103            
-104            
-104            
-105            
-105            
-106            
-103            
-104            
-102            
-102            
-103            
-103            
-104            
-102            
-103            
-102            
-103            
-104            
-102            
-101            
-102            
-104            
-102            
-103            
-104            
-103            
-103            
-102            
-99             
-102            
-101            
-101            
-102            
-104            
-103            
-101            
-100            
-101            
-104            
-102            
-102            
-101            
-102            
-105            
-103            
-101            
-102            
-101            
-101            
-99             
-101            
-102            
-102            
-101            
-101            
-102            
-102            
-102            
-102            
-103            
-102            
-103            
-102            
-102            
-103            
-103            
-101            
-103            
-103            
-103            
-101            
-101            
-102            
-102            
-103            
-102            
-102            
-101            
-102            
-102            
-101            
-103            
-102            
-102            
-101            
-101            
-102            
-102            
-102            
-101            
-101            
-101            
-101            
-101            
-100            
-99             
-101            
-99             
-100            
-101            
-99             
-99             
-100            
-100            
-100            
-98             
-100            
-100            
-99             
-99             
-99             
-99             
-98             
-98             
-98             
-99             
-98             
-99             
-98             
-99             
-98             
-98             
-97             
-98             
-97             
-98             
-98             
-97             
-97             
-97             
-97             
-96             
-96             
-95             
-96             
-96             
-96             
-97             
-97             
-97             
-96             
-96             
-97             
-96             
-97             
-97             
-98             
-97             
-97             
-98             
-97             
-97             
-98             
-98             
-99             
-98             
-98             
-99             
-100            
-99             
-98             
-98             
-98             
-98             
-98             
-98             
-99             
-99             
-99             
-101            
-100            
-100            
-100            
-100            
-101            
-100            
-100            
-100            
-101            
-102            
-101            
-100            
-101            
-102            
-102            
-101            
-101            
-102            
-102            
-100            
-100            
-101            
-102            
-102            
-103            
-102            
-103            
-105            
-104            
-104            
-103            
-103            
-102            
-103            
-103            
-103            
-103            
-104            
-103            
-104            
-104            
-104            
-104            
-104            
-104            
-103            
-102            
-103            
-102            
-105            
-103            
-104            
-103            
-103            
-103            
-104            
-104            
-104            
-102            
-103            
-103            
-103            
-103            
-104            
-103            
-103            
-103            
-102            
-104            
-104            
-104            
-103            
-104            
-104            
-103            
-103            
-103            
-103            
-103            
-103            
-102            
-103            
-104            
-104            
-102            
-103            
-104            
-103            
-104            
-104            
-103            
-103            
-104            
-103            
-103            
-103            
-103            
-103            
-103            
-102            
-103            
-104            
-104            
-104            
-103            
-103            
-103            
-104            
-104            
-105            
-105            
-103            
-103            
-103            
-103            
-103            
-103            
-104            
-104            
-102            
-102            
-103            
-102            
-104            
-103            
-104            
-104            
-104            
-103            
-104            
-103            
-104            
-104            
-104            
-103            
-104            
-104            
-104            
-104            
-103            
-103            
-103            
-105            
-104            
-104            
-103            
-102            
-103            
-105            
-104            
-102            
-103            
-104            
-105            
-104            
-104            
-104            
-92             
-92             
-92             
-92             
-92             
-92             
-92             
-92             
-92             
-92             
-92             
-92             
-92             
-92             
-92             
-92             
-92             
-92             
-92             
-82             
-82             
-82             
-92             
-92             
-82             
-86             
-83             
-87             
-93             
-95             
-97             
-100            
-101            
-102            
-102            
-101            
-103            
-104            
-104            
-105            
-105            
-106            
-106            
-104            
-106            
-106            
-108            
-107            
-107            
-107            
-107            
-109            
-109            
-109            
-109            
-109            
-108            
-110            
-109            
-108            
-109            
-109            
-110            
-110            
-109            
-110            
-111            
-110            
-111            
-110            
-111            
-112            
-111            
-111            
-110            
-111            
-113            
-112            
-112            
-112            
-111            
-112            
-112            
-111            
-110            
-111            
-112            
-111            
-111            
-113            
-112            
-113            
-112            
-112            
-112            
-113            
-113            
-111            
-112            
-111            
-111            
-113            
-112            
-111            
-111            
-112            
-112            
-113            
-113            
-112            
-113            
-113            
-113            
-113            
-113            
-112            
-113            
-112            
-114            
-113            
-113            
-113            
-113            
-114            
-115            
-114            
-113            
-112            
-113            
-112            
-112            
-112            
-113            
-113            
-113            
-113            
-114            
-112            
-114            
-113            
-113            
-114            
-113            
-113            
-113            
-113            
-112            
-113            
-113            
-115            
-114            
-115            
-114            
-114            
-114            
-115            
-114            
-115            
-115            
-115            
-114            
-114            
-115            
-115            
-114            
-114            
-114            
-113            
-114            
-113            
-113            
-113            
-114            
-114            
-113            
-114            
-114            
-114            
-115            
-114            
-113            
-114            
-114            
-114            
-114            
-115            
-114            
-114            
-114            
-115            
-115            
-114            
-113            
-114            
-114            
-114            
-115            
-115            
-115            
-114            
-114            
-113            
-115            
-115            
-115            
-113            
-114            
-114            
-115            
-112            
-110            
-113            
-114            
-114            
-114            
-114            
-114            
-114            
-112            
-113            
-115            
-114            
-113            
-114            
-114            
-113            
-113            
-113            
-114            
-114            
-113            
-109            
-113            
-113            
-113            
-111            
-114            
-115            
-114            
-112            
-113            
-113            
-113            
-113            
-113            
-114            
-113            
-113            
-113            
-112            
-112            
-112            
-114            
-114            
-115            
-113            
-113            
-113            
-112            
-113            
-113            
-113            
-113            
-112            
-113            
-113            
-113            
-113            
-112            
-112            
-113            
-113            
-111            
-112            
-112            
-112            
-113            
-113            
-112            
-112            
-114            
-112            
-112            
-112            
-113            
-112            
-112            
-112            
-112            
-113            
-114            
-113            
-112            
-112            
-111            
-111            
-111            
-112            
-113            
-113            
-113            
-113            
-112            
-111            
-111            
-111            
-111            
-112            
-112            
-111            
-110            
-111            
-111            
-111            
-112            
-112            
-111            
-111            
-111            
-111            
-111            
-110            
-110            
-111            
-111            
-110            
-109            
-109            
-110            
-108            
-110            
-109            
-110            
-110            
-110            
-110            
-111            
-110            
-112            
-110            
-110            
-112            
-111            
-110            
-112            
-111            
-110            
-111            
-111            
-110            
-111            
-110            
-111            
-111            
-110            
-110            
-111            
-112            
-112            
-112            
-111            
-111            
-110            
-110            
-111            
-112            
-111            
-111            
-112            
-112            
-112            
-110            
-111            
-111            
-112            
-112            
-112            
-112            
-112            
-112            
-112            
-112            
-112            
-113            
-113            
-114            
-115            
-114            
-113            
-113            
-113            
-113            
-114            
-114            
-113            
-113            
-113            
-113            
-112            
-112            
-112            
-113            
-113            
-113            
-113            
-113            
-113            
-114            
-113            
-114            
-114            
-114            
-114            
-115            
-113            
-114            
-114            
-114            
-114            
-114            
-113            
-114            
-115            
-115            
-115            
-114            
-114            
-114            
-115            
-115            
-115            
-114            
-114            
-115            
-115            
-114            
-114            
-114            
-115            
-114            
-115            
-115            
-116            
-115            
-114            
-114            
-116            
-115            
-116            
-115            
-115            
-115            
-114            
-115            
-115            
-114            
-114            
-115            
-116            
-115            
-116            
-116            
-116            
-115            
-115            
-116            
-114            
-115            
-115            
-115            
-114            
-115            
-116            
-115            
-115            
-116            
-115            
-116            
-117            
-117            
-115            
-116            
-116            
-115            
-115            
-115            
-116            
-115            
-115            
-115            
-115            
-115            
-115            
-115            
-115            
-115            
-116            
-115            
-116            
-117            
-116            
-116            
-116            
-116            
-114            
-113            
-115            
-114            
-115            
-114            
-115            
-116            
-116            
-117            
-116            
-115            
-115            
-115            
-116            
-114            
-115            
-115            
-116            
-116            
-115            
-115            
-114            
-116            
-115            
-115            
-115            
-115            
-115            
-115            
-115            
-144            
-144            
-144            
-144            
-144            
-144            
-144            
-144            
-144            
-144            
-144            
-144            
-144            
-144            
-144            
-144            
-144            
-144            
-144            
-144            
-144            
-144            
-144            
-144            
-144            
-144            
-144            
-144            
-144            
-144            
-144            
-144            
-144            
-144            
-144            
-144            
-144            
-144            
-144            
-144            
-144            
-144            
-144            
-144            
-144            
-144            
-144            
-144            
-144            
-144            
-144            
-144            
-144            
-144            
-144            
-144            
-144            
-144            
-144            
-144            
-144            
-144            
-144            
-144            
-144            
-144            
-144            
-144            
-144            
-144            
-144            
-144            
-144            
-144            
-144            
-144            
-144            
-144            
-144            
-144            
-144            
-144            
-144            
-144            
-144            
-144            
-144            
-144            
-144            
-144            
-144            
-144            
-144            
-144            
-144            
-144            
-144            
-144            
-144            
-144            
-144            
-144            
-144            
-144            
-144            
-144            
-144            
-144            
-144            
-144            
-144            
-144            
-144            
-144            
-144            
-144            
-144            
-144            
-144            
-144            
-144            
-144            
-144            
-144            
-144            
-144            
-144            
-144            
-144            
-144            
-144            
-144            
-144            
-144            
-144            
-144            
-144            
-144            
-144            
-144            
-144            
-144            
-144            
-144            
-144            
-144            
-144            
-144            
-144            
-144            
-144            
-144            
-144            
-144            
-144            
-144            
-144            
-144            
-144            
-144            
-144            
-144            
-144            
-144            
-144            
-144            
-144            
-144            
-144            
-144            
-144            
-144            
-144            
-144            
-144            
-144            
-144            
-144            
-144            
-144            
-144            
-144            
-144            
-144            
-144            
-144            
-144            
-144            
-144            
-144            
-144            
-144            
-144            
-144            
-144            
-144            
-144            
-144            
-144            
-144            
-144            
-144            
-144            
-144            
-144            
-144            
-144            
-144            
-144            
-144            
-144            
-144            
-144            
-144            
-144            
-144            
-144            
-144            
-144            
-144            
-144            
-144            
-144            
-144            
-144            
-144            
-144            
-144            
-144            
-144            
-144            
-144            
-144            
-144            
-144            
-144            
-144            
-144            
-144            
-144            
-144            
-144            
-144            
-144            
-144            
-144            
-144            
-144            
-144            
-144            
-144            
-144            
-144            
-144            
-144            
-144            
-144            
-144            
-144            
-144            
-144            
-144            
-144            
-144            
-144            
-144            
-144            
-144            
-144            
-144            
-144            
-144            
-144            
-144            
-144            
-144            
-144            
-144            
-144            
-144            
-144            
-144            
-144            
-144            
-144            
-144            
-144            
-144            
-144            
-144            
-144            
-144            
-144            
-144            
-144            
-144            
-144            
-144            
-144            
-144            
-144            
-144            
-144            
-144            
-144            
-144            
-144            
-144            
-144            
-144            
-144            
-144            
-144            
-144            
-144            
-144            
-144            
-144            
-144            
-144            
-144            
-144            
-144            
-144            
-144            
-144            
-144            
-144            
-144            
-144            
-144            
-144            
-144            
-144            
-144            
-144            
-144            
-144            
-144            
-144            
-144            
-144            
-144            
-144            
-144            
-144            
-144            
-144            
-144            
-144            
-144            
-144            
-144            
-144            
-144            
-144            
-144            
-144            
-144            
-144            
-144            
-144            
-144            
-144            
-144            
-144            
-144            
-144            
-144            
-144            
-144            
-144            
-144            
-144            
-144            
-144            
-144            
-144            
-144            
-144            
-144            
-144            
-144            
-144            
-144            
-144            
-144            
-144            
-144            
-144            
-144            
-144            
-144            
-144            
-144            
-144            
-144            
-144            
-144            
-144            
-144            
-144            
-144            
-144            
-144            
-144            
-144            
-144            
-144            
-144            
-144            
-144            
-144            
-144            
-144            
-144            
-144            
-144            
-144            
-144            
-144            
-144            
-144            
-144            
-144            
-144            
-144            
-144            
-144            
-144            
-144            
-144            
-144            
-144            
-144            
-144            
-144            
-144            
-144            
-144            
-144            
-144            
-144            
-144            
-144            
-144            
-144            
-144            
-144            
-144            
-144            
-144            
-144            
-144            
-144            
-144            
-144            
-144            
-144            
-144            
-144            
-144            
-144            
-144            
-144            
-144            
-144            
-144            
-144            
-144            
-144            
-144            
-144            
-144            
-144            
-144            
-144            
-144            
-144            
-144            
-144            
-144            
-144            
-144            
-144            
-144            
-144            
-144            
-144            
-144            
-144            
-144            
-144            
-144            
-144            
-144            
-144            
-144            
-144            
-144            
-144            
-144            
-144            
-144            
-144            
-144            
-144            
-144            
-144            
-144            
-144            
-144            
-144            
1               
0               
10              
0               
-15             
1               
0               
-12             
2344            
4687            
0               
-15             
-3              
-20             
0               
9830            
1638            
655             
0               
-20             
0               
-20             
300             
300             
0               
0               
0               
0               
32767           
1               
0               
16384           
0               
-96             
28642           
0               
0               
-13             
16384           
16384           
16384           
16384           
16384           
-12             
-18             
96              
440             
6826            
6826            
6826            
6826            
6826            
0               
1               
20              
60              
-6              
0               
1               
0               
-6              
-96             
1000            
1000            
0               
0               
0               
0               
300             
30              
50              
1               
1               
17000           
1               
20              
0               
5               
1536            
5600            
300             
0               
0               
0               
0               
3               
10              
1               
-2048           
4000            
300             
0               
0               
0               
0               
3               
10              
1               
-2560           
13000           
200             
0               
0               
0               
0               
3               
10              
1               
-2560           
16000           
150             
0               
0               
0               
0               
3               
10              
1               
2048            
120             
100             
0               
0               
0               
0               
3               
10              
1               
0               
20              
96              
0               
0               
0               
0               
3               
10              
1               
0               
20              
96              
0               
0               
0               
0               
3               
10              
1               
0               
20              
96              
0               
0               
0               
0               
3               
10              
1               
0               
20              
96              
0               
0               
0               
0               
3               
10              
1               
0               
20              
96              
0               
0               
0               
0               
3               
10              
1               
2               
0               
200             
100             
-16             
2000            
100             
-16             
1               
1               
20              
3               
0               
20              
0               
0               
2000            
60000           
10000           
-96             
-30             
0               
0               
0               
-96             
-30             
-30             
0               
0               
0               
0               
20              
2               
1               
20              
0               
0               
10000           
10000           
0               
-96             
0               
0               
0               
0               
-96             
0               
0               
0               
0               
1               
0               
20              
2               
1               
20              
0               
0               
10000           
10000           
0               
-96             
0               
0               
0               
0               
-96             
0               
0               
0               
0               
1               
0               
20              
2               
1               
20              
0               
0               
10000           
10000           
0               
-96             
0               
0               
0               
0               
-96             
0               
0               
0               
0               
1               
0               
20              
2               
1               
20              
0               
0               
10000           
10000           
0               
-96             
0               
0               
0               
0               
-96             
0               
0               
0               
0               
1               
0               
1               
20              
5               
0               
20              
0               
0               
200             
6000            
0               
-96             
-44             
-35             
-26             
0               
-96             
-44             
-35             
-26             
0               
0               
0               
1               
0               
24              
0               
0               
90              
75              
100             
10              
10              
0               
0               
-20             
-20             
-96             
-96             
-6              
35              
70              
30              
500             
0               
1               
2               
3               
0               
1               
2               
3               
0               
0               
0               
0               
0               
-30             
0               
100             
96              
86              
6826            
6826            
6826            
6826            
6826            
6826            
6826            
6826            
6826            
6826            
0               
100             
0               
100             
600             
0               
0               

// Volume 0
