4803            
4               
13              
0               
1               
19              
17409           
0               
0               
0               
17413           
32              
2               
6               
0               
1               

// Volume Independent Parameters
1               
0               
0               
0               
0               
0               
0               
0               
0               
0               
20              
2               
10              
20000           
-96             
0               
0               
0               
0               
-96             
0               
0               
0               
0               
1               
0               
32              
32              
32              
32              
32              
32              
32              
32              
32              
32              
32              
32              
32              
32              
32              
32              
32              
32              
32              
32              
32              
32              
32              
32              
32              
32              
32              
32              
32              
32              
32              
32              
32              
32              
32              
32              
32              
32              
32              
32              
32              
32              
32              
31              
31              
31              
32              
34              
36              
36              
34              
31              
30              
29              
29              
29              
29              
30              
30              
31              
30              
29              
27              
27              
27              
28              
28              
28              
28              
28              
28              
28              
27              
27              
27              
27              
28              
28              
29              
29              
30              
31              
31              
32              
33              
33              
34              
35              
35              
36              
37              
37              
37              
38              
38              
38              
38              
38              
38              
38              
38              
38              
38              
38              
38              
38              
38              
38              
38              
38              
38              
37              
37              
37              
37              
37              
36              
36              
35              
35              
34              
34              
33              
33              
32              
31              
31              
30              
29              
29              
28              
28              
28              
27              
27              
26              
26              
25              
25              
25              
25              
25              
25              
25              
24              
24              
24              
24              
24              
24              
24              
23              
23              
23              
23              
23              
22              
22              
22              
22              
21              
21              
21              
21              
21              
21              
21              
21              
20              
20              
20              
20              
20              
20              
20              
20              
19              
19              
19              
19              
18              
18              
18              
18              
18              
18              
17              
17              
17              
17              
17              
16              
16              
16              
16              
16              
16              
15              
15              
15              
15              
15              
15              
14              
14              
14              
14              
14              
14              
13              
13              
13              
13              
13              
13              
13              
13              
13              
13              
13              
12              
12              
12              
12              
12              
12              
12              
12              
12              
12              
12              
12              
12              
12              
12              
12              
12              
12              
12              
12              
12              
12              
12              
12              
12              
11              
11              
11              
11              
11              
11              
11              
11              
11              
11              
11              
11              
10              
10              
10              
10              
10              
10              
10              
10              
10              
10              
10              
9               
9               
9               
9               
9               
9               
9               
8               
8               
8               
8               
8               
8               
8               
7               
7               
7               
7               
7               
7               
6               
6               
6               
6               
6               
6               
6               
6               
6               
5               
5               
5               
5               
5               
5               
5               
5               
5               
4               
4               
4               
4               
4               
4               
4               
4               
4               
3               
3               
3               
3               
3               
3               
3               
3               
3               
3               
3               
3               
3               
2               
2               
2               
2               
2               
2               
2               
2               
2               
2               
2               
2               
2               
2               
2               
2               
2               
2               
2               
2               
2               
3               
3               
3               
3               
3               
3               
3               
3               
3               
3               
3               
3               
3               
3               
3               
3               
4               
4               
4               
4               
4               
4               
4               
4               
4               
4               
4               
4               
4               
4               
4               
4               
4               
4               
5               
5               
5               
5               
5               
5               
5               
5               
5               
5               
6               
6               
6               
6               
6               
6               
6               
6               
6               
7               
7               
7               
7               
7               
7               
7               
7               
7               
7               
7               
7               
8               
8               
8               
8               
8               
8               
8               
8               
8               
8               
8               
8               
9               
9               
9               
9               
9               
9               
9               
9               
9               
9               
9               
9               
9               
9               
9               
10              
10              
10              
10              
10              
10              
10              
10              
10              
11              
11              
11              
11              
11              
11              
11              
11              
12              
12              
12              
12              
12              
12              
13              
13              
13              
13              
13              
13              
13              
13              
13              
13              
13              
13              
13              
13              
13              
13              
13              
13              
13              
13              
14              
14              
14              
14              
14              
14              
14              
14              
15              
15              
15              
15              
15              
15              
15              
15              
15              
16              
16              
16              
16              
16              
16              
16              
17              
17              
17              
17              
17              
18              
19              
20              
21              
21              
21              
20              
20              
20              
20              
19              
18              
17              
17              
17              
16              
16              
15              
15              
15              
16              
16              
16              
16              
15              
15              
15              
15              
14              
13              
12              
10              
9               
9               
8               
8               
9               
8               
7               
6               
6               
6               
6               
6               
6               
7               
7               
7               
7               
7               
7               
7               
7               
7               
7               
7               
7               
7               
7               
7               
7               
7               
7               
7               
7               
12              
12              
32              
32              
32              
32              
32              
32              
32              
32              
32              
32              
32              
32              
32              
32              
32              
32              
32              
32              
32              
32              
32              
32              
32              
32              
32              
32              
32              
32              
32              
32              
32              
32              
32              
32              
32              
32              
32              
32              
32              
32              
32              
32              
32              
31              
32              
33              
35              
37              
38              
38              
38              
37              
35              
33              
32              
32              
32              
33              
34              
35              
34              
33              
31              
30              
30              
31              
31              
32              
32              
32              
32              
32              
31              
31              
30              
30              
31              
32              
32              
32              
33              
33              
33              
33              
34              
34              
34              
34              
35              
35              
35              
35              
35              
35              
35              
35              
36              
36              
36              
36              
37              
37              
37              
37              
37              
38              
38              
38              
38              
38              
38              
38              
38              
39              
39              
39              
39              
40              
40              
40              
40              
41              
41              
41              
42              
42              
42              
42              
42              
42              
42              
41              
41              
41              
40              
39              
39              
38              
38              
37              
36              
36              
35              
35              
35              
34              
34              
34              
34              
33              
33              
33              
32              
32              
32              
32              
32              
31              
31              
31              
30              
30              
30              
30              
30              
30              
30              
30              
30              
30              
30              
30              
30              
30              
30              
31              
31              
30              
30              
30              
30              
29              
29              
29              
29              
29              
28              
28              
28              
27              
27              
27              
26              
26              
26              
26              
26              
25              
25              
25              
24              
24              
23              
23              
23              
22              
22              
21              
20              
20              
19              
18              
18              
17              
17              
16              
16              
15              
15              
15              
14              
14              
13              
13              
13              
13              
13              
12              
12              
12              
12              
11              
11              
11              
11              
11              
11              
11              
10              
10              
10              
10              
10              
10              
9               
9               
9               
9               
9               
9               
9               
8               
8               
8               
8               
8               
8               
7               
7               
7               
7               
7               
7               
6               
6               
6               
6               
6               
6               
5               
5               
5               
5               
5               
5               
5               
5               
4               
4               
4               
4               
4               
4               
4               
4               
4               
4               
3               
3               
3               
3               
3               
3               
3               
3               
3               
3               
3               
3               
3               
3               
3               
3               
3               
3               
3               
3               
3               
3               
3               
3               
3               
3               
3               
4               
4               
4               
4               
4               
4               
4               
4               
4               
4               
5               
5               
5               
5               
5               
5               
5               
5               
6               
6               
6               
6               
6               
6               
6               
6               
7               
7               
7               
7               
7               
7               
7               
7               
7               
7               
7               
7               
7               
8               
8               
8               
8               
8               
8               
8               
9               
9               
9               
9               
9               
10              
10              
10              
10              
10              
10              
11              
11              
11              
11              
12              
12              
12              
12              
12              
13              
13              
13              
13              
14              
14              
14              
15              
15              
15              
15              
15              
16              
16              
16              
16              
17              
17              
17              
17              
17              
17              
17              
17              
17              
17              
18              
18              
18              
18              
18              
18              
18              
18              
18              
18              
18              
18              
18              
18              
18              
18              
18              
18              
18              
18              
18              
18              
18              
18              
19              
19              
19              
19              
19              
19              
20              
20              
20              
20              
20              
20              
20              
20              
20              
20              
20              
20              
20              
20              
20              
20              
20              
21              
21              
21              
21              
21              
22              
22              
22              
22              
23              
23              
23              
23              
23              
23              
23              
23              
23              
23              
22              
22              
22              
22              
22              
22              
21              
21              
22              
22              
22              
22              
23              
23              
23              
24              
24              
25              
25              
26              
26              
26              
27              
27              
27              
27              
27              
27              
27              
27              
27              
27              
27              
27              
27              
28              
28              
29              
29              
30              
31              
34              
39              
41              
44              
42              
33              
29              
27              
24              
24              
25              
24              
22              
21              
19              
18              
17              
18              
17              
17              
16              
14              
13              
12              
10              
10              
10              
10              
9               
8               
8               
7               
7               
7               
7               
7               
7               
7               
7               
7               
7               
7               
7               
7               
8               
9               
9               
9               
9               
9               
9               
9               
9               
9               
9               
9               
9               
9               
9               
9               
9               
9               
9               
9               
9               
14              
14              
32              
32              
32              
32              
32              
32              
32              
32              
32              
32              
32              
32              
32              
32              
32              
32              
32              
32              
32              
32              
32              
32              
32              
32              
32              
32              
32              
32              
32              
32              
32              
32              
32              
32              
32              
32              
32              
32              
32              
32              
32              
32              
32              
32              
32              
32              
32              
32              
32              
32              
32              
32              
32              
32              
32              
32              
32              
32              
32              
32              
32              
32              
32              
32              
32              
32              
32              
32              
32              
32              
32              
32              
32              
32              
32              
32              
32              
32              
32              
32              
32              
32              
32              
32              
32              
32              
32              
32              
32              
32              
32              
32              
32              
32              
32              
32              
32              
32              
32              
32              
32              
32              
32              
32              
32              
32              
32              
32              
32              
32              
32              
32              
32              
32              
32              
32              
32              
32              
32              
32              
32              
32              
32              
32              
32              
32              
32              
32              
32              
32              
32              
32              
32              
32              
32              
32              
32              
32              
32              
32              
32              
32              
32              
32              
32              
32              
32              
32              
32              
32              
32              
32              
32              
32              
32              
32              
32              
32              
32              
32              
32              
32              
32              
32              
32              
32              
32              
32              
32              
32              
32              
32              
32              
32              
32              
32              
32              
32              
32              
32              
32              
32              
32              
32              
32              
32              
32              
32              
32              
32              
32              
32              
32              
32              
32              
32              
32              
32              
32              
32              
32              
32              
32              
32              
32              
32              
32              
32              
32              
32              
32              
32              
32              
32              
32              
32              
32              
32              
32              
32              
32              
32              
32              
32              
32              
32              
32              
32              
32              
32              
32              
32              
32              
32              
32              
32              
32              
32              
32              
32              
32              
32              
32              
32              
32              
32              
32              
32              
32              
32              
32              
32              
32              
32              
32              
32              
32              
32              
32              
32              
32              
32              
32              
32              
32              
32              
32              
32              
32              
32              
32              
32              
32              
32              
32              
32              
32              
32              
32              
32              
32              
32              
32              
32              
32              
32              
32              
32              
32              
32              
32              
32              
32              
32              
32              
32              
32              
32              
32              
32              
32              
32              
32              
32              
32              
32              
32              
32              
32              
32              
32              
32              
32              
32              
32              
32              
32              
32              
32              
32              
32              
32              
32              
32              
32              
32              
32              
32              
32              
32              
32              
32              
32              
32              
32              
32              
32              
32              
32              
32              
32              
32              
32              
32              
32              
32              
32              
32              
32              
32              
32              
32              
32              
32              
32              
32              
32              
32              
32              
32              
32              
32              
32              
32              
32              
32              
32              
32              
32              
32              
32              
32              
32              
32              
32              
32              
32              
32              
32              
32              
32              
32              
32              
32              
32              
32              
32              
32              
32              
32              
32              
32              
32              
32              
32              
32              
32              
32              
32              
32              
32              
32              
32              
32              
32              
32              
32              
32              
32              
32              
32              
32              
32              
32              
32              
32              
32              
32              
32              
32              
32              
32              
32              
32              
32              
32              
32              
32              
32              
32              
32              
32              
32              
32              
32              
32              
32              
32              
32              
32              
32              
32              
32              
32              
32              
32              
32              
32              
32              
32              
32              
32              
32              
32              
32              
32              
32              
32              
32              
32              
32              
32              
32              
32              
32              
32              
32              
32              
32              
32              
32              
32              
32              
32              
32              
32              
32              
32              
32              
32              
32              
32              
32              
32              
32              
32              
32              
32              
32              
32              
32              
32              
32              
32              
32              
32              
32              
32              
32              
32              
32              
32              
32              
32              
32              
32              
32              
32              
32              
32              
32              
32              
32              
32              
32              
32              
32              
32              
32              
32              
32              
32              
32              
32              
32              
32              
32              
32              
32              
32              
32              
32              
32              
32              
32              
32              
32              
32              
32              
32              
32              
32              
32              
32              
32              
32              
32              
32              
32              
32              
32              
32              
32              
32              
32              
32              
32              
32              
32              
32              
32              
32              
32              
32              
32              
32              
32              
32              
32              
32              
32              
32              
32              
32              
32              
32              
32              
32              
32              
32              
32              
32              
32              
32              
32              
32              
32              
32              
32              
32              
32              
32              
32              
32              
32              
32              
32              
32              
32              
32              
32              
32              
32              
32              
32              
32              
32              
32              
32              
32              
32              
32              
32              
32              
32              
32              
32              
32              
32              
32              
32              
32              
32              
32              
32              
32              
32              
32              
32              
32              
32              
32              
32              
32              
32              
32              
32              
32              
32              
32              
32              
32              
32              
32              
32              
32              
32              
32              
32              
32              
32              
32              
32              
32              
32              
32              
32              
32              
32              
32              
32              
32              
32              
32              
32              
32              
32              
32              
32              
32              
32              
32              
32              
32              
32              
32              
32              
32              
32              
32              
32              
32              
32              
32              
32              
32              
32              
32              
32              
32              
32              
32              
32              
32              
32              
32              
32              
32              
32              
32              
32              
32              
32              
32              
32              
32              
32              
32              
32              
32              
32              
32              
32              
32              
32              
32              
32              
32              
32              
32              
32              
32              
32              
32              
32              
32              
32              
32              
32              
32              
32              
32              
32              
32              
32              
32              
32              
32              
32              
32              
32              
32              
32              
32              
32              
32              
32              
32              
32              
32              
32              
32              
32              
32              
32              
32              
32              
32              
32              
32              
32              
32              
32              
32              
32              
32              
32              
32              
32              
32              
32              
32              
32              
32              
32              
32              
32              
32              
32              
32              
32              
32              
32              
32              
32              
32              
32              
32              
32              
32              
32              
32              
32              
32              
32              
32              
32              
32              
32              
32              
32              
32              
32              
32              
32              
32              
32              
32              
32              
32              
32              
32              
32              
32              
32              
32              
32              
32              
32              
32              
32              
32              
32              
32              
32              
32              
32              
32              
32              
32              
32              
32              
32              
32              
32              
32              
32              
32              
32              
32              
32              
32              
32              
32              
32              
32              
32              
32              
32              
32              
32              
32              
32              
32              
32              
32              
32              
32              
32              
32              
32              
32              
32              
32              
32              
32              
32              
32              
32              
32              
32              
32              
32              
32              
32              
32              
32              
32              
32              
32              
32              
32              
32              
32              
32              
32              
32              
32              
32              
32              
32              
32              
32              
32              
32              
32              
32              
32              
32              
32              
32              
32              
32              
32              
32              
32              
32              
32              
32              
32              
32              
32              
32              
32              
32              
32              
32              
32              
32              
32              
32              
32              
32              
32              
32              
32              
32              
32              
32              
32              
32              
32              
32              
32              
32              
32              
32              
32              
32              
32              
32              
32              
32              
32              
32              
32              
32              
32              
32              
32              
32              
32              
32              
32              
32              
32              
32              
32              
32              
32              
32              
32              
32              
32              
32              
32              
32              
32              
32              
32              
32              
32              
32              
32              
32              
32              
32              
32              
32              
32              
32              
32              
32              
32              
32              
32              
32              
32              
32              
32              
32              
32              
32              
32              
32              
32              
32              
32              
32              
32              
32              
32              
32              
32              
32              
32              
32              
32              
32              
32              
32              
32              
32              
32              
32              
32              
32              
32              
32              
32              
32              
32              
32              
32              
32              
32              
32              
32              
32              
32              
32              
32              
32              
32              
32              
32              
32              
32              
32              
32              
32              
32              
32              
32              
32              
32              
32              
32              
32              
32              
32              
32              
32              
32              
32              
32              
32              
32              
32              
32              
32              
32              
32              
32              
32              
32              
32              
32              
32              
32              
32              
32              
32              
32              
32              
32              
32              
32              
32              
32              
32              
32              
32              
32              
32              
32              
32              
32              
32              
32              
32              
32              
32              
32              
32              
32              
32              
32              
32              
32              
32              
32              
32              
32              
32              
32              
32              
32              
32              
32              
32              
32              
32              
32              
32              
32              
32              
32              
32              
32              
32              
32              
32              
32              
32              
32              
32              
32              
32              
32              
32              
32              
32              
32              
32              
32              
32              
32              
32              
32              
32              
32              
32              
32              
32              
32              
32              
32              
32              
32              
32              
32              
32              
32              
32              
32              
32              
32              
32              
32              
0               
33              
32767           
30              
100             
50              
50              
-48             
-48             
0               
1               
250             
0               
0               
32767           
6               
-15             
15              
-76             
-79             
-88             
-90             
-91             
-95             
-98             
-100            
-101            
-101            
-103            
-103            
-103            
-104            
-104            
-106            
-107            
-106            
-106            
-107            
-107            
-108            
-107            
-107            
-107            
-108            
-109            
-109            
-109            
-109            
-109            
-109            
-109            
-110            
-110            
-110            
-110            
-110            
-110            
-111            
-111            
-111            
-111            
-111            
-111            
-110            
-111            
-111            
-113            
-112            
-111            
-111            
-112            
-112            
-112            
-112            
-112            
-112            
-112            
-112            
-112            
-113            
-113            
-113            
-112            
-113            
-113            
-113            
-113            
-113            
-113            
-113            
-113            
-114            
-113            
-113            
-114            
-114            
-114            
-113            
-114            
-113            
-113            
-114            
-114            
-114            
-115            
-114            
-114            
-114            
-114            
-114            
-115            
-114            
-114            
-114            
-114            
-114            
-115            
-115            
-115            
-114            
-115            
-114            
-115            
-114            
-115            
-115            
-115            
-115            
-116            
-115            
-115            
-116            
-115            
-114            
-115            
-115            
-115            
-115            
-115            
-115            
-115            
-115            
-114            
-115            
-115            
-115            
-114            
-115            
-116            
-116            
-116            
-115            
-115            
-115            
-115            
-115            
-115            
-115            
-115            
-115            
-116            
-115            
-115            
-115            
-116            
-116            
-115            
-115            
-114            
-115            
-115            
-115            
-115            
-115            
-116            
-115            
-116            
-116            
-115            
-115            
-115            
-115            
-116            
-115            
-115            
-115            
-115            
-115            
-115            
-115            
-116            
-116            
-116            
-116            
-116            
-116            
-116            
-115            
-115            
-115            
-115            
-115            
-116            
-116            
-115            
-115            
-115            
-116            
-116            
-116            
-115            
-115            
-115            
-115            
-116            
-116            
-116            
-116            
-115            
-116            
-116            
-116            
-115            
-115            
-115            
-115            
-115            
-115            
-115            
-116            
-115            
-115            
-116            
-116            
-116            
-116            
-115            
-116            
-116            
-116            
-116            
-116            
-116            
-115            
-115            
-115            
-115            
-115            
-116            
-115            
-116            
-116            
-115            
-116            
-116            
-115            
-115            
-115            
-115            
-115            
-116            
-115            
-115            
-114            
-115            
-115            
-114            
-115            
-115            
-115            
-116            
-116            
-116            
-116            
-116            
-114            
-114            
-116            
-116            
-115            
-116            
-115            
-115            
-114            
-115            
-116            
-115            
-115            
-114            
-115            
-115            
-116            
-115            
-115            
-115            
-114            
-114            
-114            
-114            
-114            
-113            
-113            
-114            
-114            
-112            
-113            
-113            
-113            
-114            
-113            
-113            
-113            
-114            
-114            
-113            
-113            
-113            
-113            
-113            
-113            
-113            
-113            
-112            
-112            
-112            
-111            
-112            
-113            
-112            
-111            
-111            
-111            
-110            
-110            
-111            
-110            
-110            
-110            
-110            
-109            
-109            
-109            
-110            
-110            
-111            
-109            
-107            
-109            
-108            
-109            
-109            
-109            
-109            
-108            
-108            
-107            
-108            
-108            
-109            
-108            
-108            
-110            
-109            
-110            
-110            
-109            
-110            
-109            
-108            
-110            
-110            
-110            
-110            
-111            
-111            
-111            
-110            
-111            
-111            
-112            
-112            
-111            
-111            
-112            
-112            
-111            
-110            
-113            
-112            
-113            
-112            
-113            
-113            
-113            
-113            
-113            
-114            
-114            
-113            
-113            
-114            
-113            
-114            
-114            
-114            
-114            
-114            
-115            
-115            
-115            
-114            
-115            
-115            
-115            
-116            
-115            
-115            
-115            
-114            
-117            
-117            
-116            
-115            
-115            
-115            
-115            
-116            
-115            
-115            
-115            
-116            
-116            
-116            
-117            
-117            
-116            
-115            
-115            
-116            
-116            
-116            
-116            
-116            
-116            
-116            
-116            
-116            
-116            
-117            
-116            
-116            
-117            
-116            
-117            
-117            
-117            
-116            
-116            
-116            
-117            
-117            
-116            
-117            
-116            
-116            
-117            
-116            
-117            
-117            
-117            
-116            
-116            
-116            
-116            
-116            
-115            
-116            
-117            
-116            
-116            
-116            
-116            
-116            
-117            
-116            
-117            
-115            
-115            
-116            
-116            
-116            
-117            
-116            
-117            
-117            
-115            
-116            
-116            
-117            
-116            
-116            
-116            
-117            
-117            
-117            
-117            
-116            
-116            
-116            
-116            
-116            
-116            
-117            
-117            
-117            
-116            
-116            
-117            
-117            
-117            
-117            
-116            
-117            
-117            
-117            
-117            
-117            
-117            
-117            
-97             
-97             
-72             
-76             
-86             
-90             
-91             
-95             
-97             
-98             
-100            
-101            
-102            
-103            
-104            
-104            
-105            
-105            
-104            
-106            
-105            
-106            
-106            
-107            
-107            
-107            
-108            
-109            
-110            
-109            
-109            
-108            
-109            
-110            
-109            
-110            
-111            
-110            
-111            
-110            
-110            
-111            
-112            
-111            
-111            
-112            
-111            
-111            
-112            
-112            
-112            
-112            
-113            
-112            
-112            
-112            
-113            
-112            
-112            
-113            
-113            
-112            
-112            
-113            
-113            
-113            
-114            
-113            
-113            
-113            
-113            
-113            
-112            
-114            
-114            
-114            
-114            
-115            
-114            
-113            
-113            
-113            
-115            
-114            
-114            
-115            
-114            
-114            
-114            
-114            
-114            
-114            
-115            
-115            
-114            
-115            
-115            
-114            
-115            
-114            
-114            
-115            
-115            
-114            
-114            
-114            
-115            
-115            
-114            
-114            
-115            
-115            
-114            
-114            
-115            
-116            
-116            
-115            
-116            
-115            
-115            
-115            
-115            
-115            
-114            
-115            
-115            
-115            
-115            
-115            
-115            
-117            
-115            
-115            
-116            
-115            
-115            
-115            
-114            
-115            
-116            
-115            
-116            
-116            
-115            
-115            
-115            
-115            
-115            
-115            
-116            
-115            
-115            
-116            
-116            
-116            
-116            
-115            
-116            
-117            
-116            
-116            
-116            
-116            
-116            
-116            
-116            
-116            
-115            
-116            
-115            
-116            
-116            
-115            
-116            
-115            
-115            
-116            
-115            
-116            
-116            
-116            
-115            
-115            
-116            
-116            
-116            
-115            
-116            
-116            
-116            
-116            
-116            
-116            
-116            
-116            
-116            
-116            
-115            
-115            
-116            
-117            
-115            
-116            
-115            
-116            
-115            
-116            
-116            
-116            
-116            
-116            
-115            
-115            
-115            
-116            
-116            
-115            
-115            
-116            
-116            
-115            
-115            
-115            
-117            
-116            
-115            
-114            
-114            
-114            
-115            
-115            
-115            
-115            
-116            
-116            
-115            
-114            
-115            
-115            
-115            
-115            
-115            
-115            
-115            
-115            
-115            
-116            
-115            
-115            
-115            
-115            
-115            
-114            
-114            
-114            
-114            
-114            
-114            
-114            
-114            
-114            
-114            
-114            
-113            
-113            
-113            
-113            
-113            
-113            
-113            
-112            
-113            
-112            
-112            
-113            
-112            
-112            
-111            
-112            
-112            
-112            
-112            
-112            
-112            
-111            
-112            
-110            
-109            
-111            
-110            
-110            
-109            
-109            
-110            
-110            
-109            
-108            
-109            
-109            
-109            
-109            
-108            
-109            
-109            
-109            
-109            
-109            
-108            
-109            
-111            
-111            
-111            
-110            
-110            
-111            
-111            
-111            
-111            
-112            
-112            
-112            
-111            
-111            
-112            
-112            
-112            
-113            
-113            
-112            
-111            
-113            
-113            
-113            
-114            
-114            
-114            
-115            
-114            
-114            
-115            
-115            
-115            
-114            
-114            
-115            
-115            
-115            
-114            
-114            
-115            
-115            
-116            
-115            
-114            
-115            
-115            
-114            
-114            
-115            
-115            
-115            
-116            
-115            
-115            
-116            
-116            
-116            
-115            
-115            
-115            
-117            
-115            
-116            
-116            
-116            
-117            
-117            
-117            
-116            
-117            
-116            
-115            
-116            
-117            
-116            
-117            
-117            
-117            
-117            
-117            
-116            
-116            
-116            
-116            
-116            
-117            
-117            
-115            
-116            
-116            
-116            
-117            
-116            
-116            
-116            
-116            
-116            
-117            
-116            
-116            
-117            
-116            
-116            
-116            
-117            
-116            
-117            
-117            
-117            
-117            
-116            
-117            
-117            
-117            
-117            
-117            
-117            
-117            
-117            
-117            
-117            
-117            
-116            
-116            
-117            
-117            
-117            
-117            
-117            
-116            
-117            
-116            
-116            
-117            
-116            
-117            
-117            
-117            
-117            
-117            
-116            
-117            
-117            
-117            
-117            
-116            
-116            
-116            
-117            
-117            
-117            
-117            
-117            
-116            
-116            
-116            
-117            
-117            
-117            
-117            
-117            
-118            
-117            
-116            
-117            
-117            
-117            
-116            
-117            
-117            
-117            
-116            
-116            
-116            
-116            
-117            
-116            
-117            
-117            
-117            
-117            
-116            
-117            
-117            
-117            
-117            
-116            
-116            
-116            
-116            
-116            
-116            
-117            
-115            
-116            
-117            
-117            
-116            
-116            
-116            
-116            
-116            
-96             
-96             
-144            
-144            
-144            
-144            
-144            
-144            
-144            
-144            
-144            
-144            
-144            
-144            
-144            
-144            
-144            
-144            
-144            
-144            
-144            
-144            
-144            
-144            
-144            
-144            
-144            
-144            
-144            
-144            
-144            
-144            
-144            
-144            
-144            
-144            
-144            
-144            
-144            
-144            
-144            
-144            
-144            
-144            
-144            
-144            
-144            
-144            
-144            
-144            
-144            
-144            
-144            
-144            
-144            
-144            
-144            
-144            
-144            
-144            
-144            
-144            
-144            
-144            
-144            
-144            
-144            
-144            
-144            
-144            
-144            
-144            
-144            
-144            
-144            
-144            
-144            
-144            
-144            
-144            
-144            
-144            
-144            
-144            
-144            
-144            
-144            
-144            
-144            
-144            
-144            
-144            
-144            
-144            
-144            
-144            
-144            
-144            
-144            
-144            
-144            
-144            
-144            
-144            
-144            
-144            
-144            
-144            
-144            
-144            
-144            
-144            
-144            
-144            
-144            
-144            
-144            
-144            
-144            
-144            
-144            
-144            
-144            
-144            
-144            
-144            
-144            
-144            
-144            
-144            
-144            
-144            
-144            
-144            
-144            
-144            
-144            
-144            
-144            
-144            
-144            
-144            
-144            
-144            
-144            
-144            
-144            
-144            
-144            
-144            
-144            
-144            
-144            
-144            
-144            
-144            
-144            
-144            
-144            
-144            
-144            
-144            
-144            
-144            
-144            
-144            
-144            
-144            
-144            
-144            
-144            
-144            
-144            
-144            
-144            
-144            
-144            
-144            
-144            
-144            
-144            
-144            
-144            
-144            
-144            
-144            
-144            
-144            
-144            
-144            
-144            
-144            
-144            
-144            
-144            
-144            
-144            
-144            
-144            
-144            
-144            
-144            
-144            
-144            
-144            
-144            
-144            
-144            
-144            
-144            
-144            
-144            
-144            
-144            
-144            
-144            
-144            
-144            
-144            
-144            
-144            
-144            
-144            
-144            
-144            
-144            
-144            
-144            
-144            
-144            
-144            
-144            
-144            
-144            
-144            
-144            
-144            
-144            
-144            
-144            
-144            
-144            
-144            
-144            
-144            
-144            
-144            
-144            
-144            
-144            
-144            
-144            
-144            
-144            
-144            
-144            
-144            
-144            
-144            
-144            
-144            
-144            
-144            
-144            
-144            
-144            
-144            
-144            
-144            
-144            
-144            
-144            
-144            
-144            
-144            
-144            
-144            
-144            
-144            
-144            
-144            
-144            
-144            
-144            
-144            
-144            
-144            
-144            
-144            
-144            
-144            
-144            
-144            
-144            
-144            
-144            
-144            
-144            
-144            
-144            
-144            
-144            
-144            
-144            
-144            
-144            
-144            
-144            
-144            
-144            
-144            
-144            
-144            
-144            
-144            
-144            
-144            
-144            
-144            
-144            
-144            
-144            
-144            
-144            
-144            
-144            
-144            
-144            
-144            
-144            
-144            
-144            
-144            
-144            
-144            
-144            
-144            
-144            
-144            
-144            
-144            
-144            
-144            
-144            
-144            
-144            
-144            
-144            
-144            
-144            
-144            
-144            
-144            
-144            
-144            
-144            
-144            
-144            
-144            
-144            
-144            
-144            
-144            
-144            
-144            
-144            
-144            
-144            
-144            
-144            
-144            
-144            
-144            
-144            
-144            
-144            
-144            
-144            
-144            
-144            
-144            
-144            
-144            
-144            
-144            
-144            
-144            
-144            
-144            
-144            
-144            
-144            
-144            
-144            
-144            
-144            
-144            
-144            
-144            
-144            
-144            
-144            
-144            
-144            
-144            
-144            
-144            
-144            
-144            
-144            
-144            
-144            
-144            
-144            
-144            
-144            
-144            
-144            
-144            
-144            
-144            
-144            
-144            
-144            
-144            
-144            
-144            
-144            
-144            
-144            
-144            
-144            
-144            
-144            
-144            
-144            
-144            
-144            
-144            
-144            
-144            
-144            
-144            
-144            
-144            
-144            
-144            
-144            
-144            
-144            
-144            
-144            
-144            
-144            
-144            
-144            
-144            
-144            
-144            
-144            
-144            
-144            
-144            
-144            
-144            
-144            
-144            
-144            
-144            
-144            
-144            
-144            
-144            
-144            
-144            
-144            
-144            
-144            
-144            
-144            
-144            
-144            
-144            
-144            
-144            
-144            
-144            
-144            
-144            
-144            
-144            
-144            
-144            
-144            
-144            
-144            
-144            
-144            
-144            
-144            
-144            
-144            
-144            
-144            
-144            
-144            
-144            
-144            
-144            
-144            
-144            
-144            
-144            
-144            
-144            
-144            
-144            
-144            
-144            
-144            
-144            
-144            
-144            
-144            
-144            
-144            
-144            
-144            
-144            
-144            
-144            
-144            
-144            
-144            
-144            
-144            
-144            
-144            
-144            
-144            
-144            
-144            
-144            
-144            
-144            
-144            
-144            
-144            
-144            
-144            
-144            
-144            
-144            
-144            
-144            
-144            
-144            
-144            
-144            
-144            
-144            
-144            
-144            
-144            
-144            
-144            
-144            
-144            
-144            
-144            
-144            
-144            
-144            
-144            
-144            
-144            
-144            
-144            
-144            
-144            
-144            
-144            
-144            
-144            
-144            
-144            
-144            
-144            
-144            
-144            
-144            
-144            
-144            
-144            
-144            
-144            
-144            
-144            
-144            
-144            
-144            
-144            
-144            
-144            
-144            
-144            
-144            
-144            
-144            
-144            
-144            
-144            
-144            
-144            
-144            
-144            
-144            
-144            
-144            
-144            
-144            
-144            
-144            
-144            
-144            
-144            
-144            
-144            
-144            
-144            
-144            
-144            
-144            
-144            
-144            
-144            
-144            
-144            
-144            
-144            
-144            
-144            
-144            
-144            
-144            
-144            
-144            
-144            
-144            
-144            
-144            
-144            
-144            
-144            
-144            
-144            
-144            
-144            
-144            
-144            
-144            
-144            
-144            
-144            
-144            
-144            
-144            
-144            
-144            
-144            
-144            
-144            
-144            
-144            
-144            
-144            
-144            
-144            
-144            
-144            
-144            
-144            
-144            
-144            
-144            
-144            
-144            
-144            
-144            
-144            
-144            
-144            
-144            
-144            
-144            
-144            
-144            
-144            
-144            
-144            
-144            
-144            
-144            
-144            
-144            
-144            
-144            
-144            
-144            
-144            
-144            
-144            
-144            
-144            
-144            
-144            
-144            
-144            
-144            
-144            
-144            
-144            
-144            
-144            
-144            
-144            
-144            
-144            
-144            
-144            
-144            
-144            
-144            
-144            
-144            
-144            
-144            
-144            
-144            
-144            
-144            
-144            
-144            
-144            
-144            
-144            
-144            
-144            
-144            
-144            
-144            
-144            
-144            
-144            
-144            
-144            
-144            
-144            
-144            
-144            
-144            
-144            
-144            
-144            
-144            
-144            
-144            
-144            
-144            
-144            
-144            
-144            
-144            
-144            
-144            
-144            
-144            
-144            
-144            
-144            
-144            
-144            
-144            
-144            
-144            
-144            
-144            
-144            
-144            
-144            
-144            
-144            
-144            
-144            
-144            
-144            
-144            
-144            
-144            
-144            
-144            
-144            
-144            
-144            
-144            
-144            
-144            
-144            
-144            
-144            
-144            
-144            
-144            
-144            
-144            
-144            
-144            
-144            
-144            
-144            
-144            
-144            
-144            
-144            
-144            
-144            
-144            
-144            
-144            
-144            
-144            
-144            
-144            
-144            
-144            
-144            
-144            
-144            
-144            
-144            
-144            
-144            
-144            
-144            
-144            
-144            
-144            
-144            
-144            
-144            
-144            
-144            
-144            
-144            
-144            
-144            
-144            
-144            
-144            
-144            
-144            
-144            
-144            
-144            
-144            
-144            
-144            
-144            
-144            
-144            
-144            
-144            
-144            
-144            
-144            
-144            
-144            
-144            
-144            
-144            
-144            
-144            
-144            
-144            
-144            
-144            
-144            
-144            
-144            
-144            
-144            
-144            
-144            
-144            
-144            
-144            
-144            
-144            
-144            
-144            
-144            
-144            
-144            
-144            
-144            
-144            
-144            
-144            
-144            
-144            
-144            
-144            
-144            
-144            
-144            
-144            
-144            
-144            
-144            
-144            
-144            
-144            
-144            
-144            
-144            
-144            
-144            
-144            
-144            
-144            
-144            
-144            
-144            
-144            
-144            
-144            
-144            
-144            
-144            
-144            
-144            
-144            
-144            
-144            
-144            
-144            
-144            
-144            
-144            
-144            
-144            
-144            
-144            
-144            
-144            
-144            
-144            
-144            
-144            
-144            
-144            
-144            
-144            
-144            
-144            
-144            
-144            
-144            
-144            
-144            
-144            
-144            
-144            
-144            
-144            
-144            
-144            
-144            
-144            
-144            
-144            
-144            
-144            
-144            
-144            
-144            
-144            
-144            
-144            
-144            
-144            
-144            
-144            
-144            
-144            
-144            
-144            
-144            
-144            
-144            
-144            
-144            
-144            
-144            
-144            
-144            
-144            
-144            
-144            
-144            
-144            
-144            
-144            
-144            
-144            
-144            
-144            
-144            
-144            
-144            
-144            
-144            
-144            
-144            
-144            
-144            
-144            
-144            
0               
0               
6               
0               
-13             
0               
0               
-4              
2344            
4687            
0               
-15             
-3              
-20             
0               
9830            
1638            
655             
0               
-20             
0               
0               
300             
300             
0               
0               
0               
0               
32767           
0               
0               
10976           
0               
-96             
28642           
0               
0               
-13             
16384           
16384           
16384           
16384           
16384           
-12             
-18             
96              
440             
6826            
6826            
6826            
6826            
6826            
0               
1               
10              
60              
-15             
-15             
1               
0               
-6              
-6              
1000            
1000            
6               
6               
0               
0               
300             
0               
100             
1               
1               
20000           
1               
50              
0               
4               
0               
2200            
150             
0               
0               
0               
0               
3               
10              
1               
0               
19000           
100             
0               
0               
0               
0               
3               
10              
1               
0               
9000            
100             
0               
0               
0               
0               
3               
10              
1               
0               
14000           
100             
0               
0               
0               
0               
3               
10              
1               
0               
120             
100             
0               
0               
0               
0               
3               
10              
1               
0               
20              
96              
0               
0               
0               
0               
3               
10              
1               
0               
20              
96              
0               
0               
0               
0               
3               
10              
1               
0               
20              
96              
0               
0               
0               
0               
3               
10              
1               
0               
20              
96              
0               
0               
0               
0               
3               
10              
1               
0               
20              
96              
0               
0               
0               
0               
3               
10              
1               
2               
0               
200             
100             
-16             
2000            
100             
-16             
1               
1               
20              
5               
0               
20              
0               
0               
2000            
5000            
0               
-96             
-80             
-50             
-30             
0               
-96             
-80             
-50             
-30             
0               
0               
0               
20              
2               
1               
20              
0               
0               
10000           
10000           
0               
-96             
0               
0               
0               
0               
-96             
0               
0               
0               
0               
1               
0               
20              
2               
1               
20              
0               
0               
10000           
10000           
0               
-96             
0               
0               
0               
0               
-96             
0               
0               
0               
0               
1               
0               
20              
2               
1               
20              
0               
0               
10000           
10000           
0               
-96             
0               
0               
0               
0               
-96             
0               
0               
0               
0               
1               
0               
20              
2               
1               
20              
0               
0               
10000           
10000           
0               
-96             
0               
0               
0               
0               
-96             
0               
0               
0               
0               
1               
0               
1               
20              
5               
0               
20              
0               
0               
2000            
5000            
0               
-96             
-80             
-50             
-30             
0               
-86             
-70             
-40             
-25             
-25             
0               
0               
1               
-1              
20              
0               
0               
90              
75              
100             
10              
10              
0               
0               
-20             
-20             
-96             
-20             
-6              
33              
50              
200             
10              
0               
1               
2               
3               
0               
1               
2               
3               
0               
0               
0               
0               
0               
-30             
0               
100             
96              
86              
6826            
6826            
6826            
6826            
6826            
6826            
6826            
6826            
6826            
6826            
0               
300             
100             
100             
600             
0               
0               

// Volume 0
