4803            
4               
13              
0               
1               
19              
17409           
0               
0               
0               
17413           
32              
2               
6               
0               
1               

// Volume Independent Parameters
1               
0               
0               
0               
0               
0               
0               
0               
0               
0               
20              
2               
10              
20000           
-96             
0               
0               
0               
0               
-96             
0               
0               
0               
0               
1               
0               
32              
32              
32              
32              
32              
32              
32              
32              
32              
32              
32              
32              
32              
32              
32              
32              
32              
32              
32              
32              
32              
32              
32              
32              
32              
32              
32              
32              
32              
32              
32              
32              
32              
32              
32              
32              
32              
32              
32              
32              
32              
32              
32              
30              
28              
26              
24              
22              
22              
21              
22              
22              
24              
24              
24              
24              
25              
25              
25              
24              
24              
24              
24              
23              
23              
22              
23              
23              
23              
22              
21              
21              
20              
20              
20              
20              
20              
20              
21              
21              
21              
22              
22              
23              
24              
24              
25              
26              
26              
27              
28              
28              
29              
29              
29              
29              
29              
29              
29              
29              
29              
28              
28              
28              
27              
27              
27              
27              
26              
26              
26              
26              
26              
26              
26              
26              
26              
26              
26              
27              
27              
27              
27              
26              
26              
26              
26              
26              
26              
25              
25              
25              
25              
25              
25              
25              
25              
25              
24              
24              
24              
24              
24              
24              
24              
23              
23              
23              
23              
22              
22              
22              
22              
22              
22              
22              
22              
22              
22              
22              
22              
22              
22              
23              
23              
23              
23              
23              
23              
23              
22              
22              
22              
22              
22              
22              
21              
21              
21              
21              
21              
21              
21              
21              
21              
21              
21              
21              
21              
21              
21              
21              
21              
20              
20              
20              
20              
20              
19              
19              
19              
19              
19              
18              
18              
18              
17              
17              
17              
17              
17              
17              
16              
16              
16              
16              
16              
16              
16              
16              
16              
16              
16              
16              
16              
16              
16              
15              
15              
15              
15              
15              
15              
15              
15              
15              
14              
14              
14              
14              
14              
14              
14              
13              
13              
13              
13              
13              
12              
12              
12              
12              
12              
11              
11              
11              
11              
11              
11              
11              
10              
10              
10              
10              
10              
10              
10              
10              
9               
9               
9               
9               
9               
9               
8               
8               
8               
8               
8               
8               
7               
7               
7               
7               
7               
7               
7               
7               
7               
7               
7               
6               
6               
6               
6               
6               
6               
6               
6               
5               
5               
5               
5               
5               
5               
5               
5               
5               
5               
5               
5               
5               
5               
5               
5               
5               
4               
4               
4               
4               
4               
4               
4               
4               
4               
4               
4               
3               
3               
3               
3               
3               
3               
3               
3               
3               
3               
3               
3               
3               
3               
3               
3               
3               
3               
3               
3               
3               
3               
3               
3               
3               
3               
3               
3               
3               
3               
3               
3               
3               
3               
3               
3               
3               
3               
3               
3               
3               
3               
3               
3               
3               
3               
3               
3               
3               
3               
3               
3               
3               
3               
3               
3               
3               
3               
3               
3               
3               
3               
3               
3               
3               
3               
3               
3               
3               
3               
3               
3               
3               
4               
4               
4               
4               
4               
4               
4               
4               
4               
4               
4               
4               
4               
4               
4               
5               
5               
5               
5               
5               
5               
6               
6               
6               
6               
6               
6               
6               
6               
6               
6               
6               
6               
6               
6               
6               
7               
7               
7               
7               
7               
7               
7               
7               
7               
7               
8               
8               
8               
8               
8               
8               
9               
9               
9               
9               
9               
9               
9               
9               
9               
9               
9               
9               
9               
9               
9               
9               
9               
9               
9               
9               
9               
9               
9               
9               
9               
9               
9               
9               
10              
10              
10              
10              
10              
10              
10              
10              
10              
10              
10              
10              
10              
10              
10              
9               
9               
9               
9               
9               
9               
9               
9               
9               
9               
9               
8               
8               
8               
8               
8               
8               
8               
8               
8               
9               
9               
9               
9               
10              
10              
10              
10              
10              
10              
10              
9               
9               
10              
10              
8               
8               
8               
7               
7               
7               
7               
7               
8               
8               
8               
8               
7               
5               
5               
4               
4               
3               
3               
3               
3               
4               
4               
4               
5               
5               
5               
5               
5               
4               
5               
5               
5               
5               
5               
5               
5               
5               
5               
5               
5               
5               
5               
5               
5               
5               
5               
5               
6               
6               
32              
32              
32              
32              
32              
32              
32              
32              
32              
32              
32              
32              
32              
32              
32              
32              
32              
32              
32              
32              
32              
32              
32              
32              
32              
32              
32              
32              
32              
32              
32              
32              
32              
32              
32              
32              
32              
32              
32              
32              
32              
32              
32              
25              
25              
25              
24              
23              
23              
24              
26              
28              
29              
29              
28              
26              
25              
24              
23              
22              
22              
21              
21              
21              
21              
22              
22              
23              
23              
23              
23              
23              
22              
22              
22              
22              
22              
23              
23              
23              
23              
23              
23              
23              
24              
24              
25              
25              
26              
26              
26              
27              
27              
27              
28              
28              
28              
28              
28              
28              
29              
29              
28              
28              
29              
29              
29              
29              
29              
29              
29              
29              
30              
30              
30              
30              
30              
30              
30              
29              
29              
29              
29              
28              
28              
27              
27              
27              
26              
26              
26              
25              
25              
24              
24              
23              
23              
23              
22              
22              
22              
22              
22              
21              
21              
21              
21              
21              
21              
20              
20              
20              
20              
20              
20              
19              
19              
19              
19              
19              
19              
19              
19              
19              
19              
19              
19              
19              
19              
19              
19              
19              
19              
19              
18              
18              
18              
18              
18              
17              
17              
17              
17              
17              
17              
17              
17              
16              
16              
16              
16              
16              
16              
15              
15              
15              
15              
15              
15              
14              
14              
14              
13              
13              
13              
12              
12              
11              
11              
11              
10              
10              
10              
10              
9               
9               
9               
9               
9               
9               
9               
8               
8               
8               
8               
8               
8               
7               
7               
7               
7               
7               
7               
6               
6               
6               
6               
6               
6               
6               
6               
6               
6               
6               
6               
5               
5               
5               
5               
5               
5               
5               
5               
5               
5               
4               
4               
4               
4               
4               
4               
4               
4               
3               
3               
3               
3               
3               
3               
3               
3               
3               
3               
3               
2               
2               
2               
2               
2               
2               
2               
2               
2               
2               
2               
2               
2               
2               
2               
2               
2               
2               
2               
2               
2               
2               
2               
2               
2               
2               
2               
2               
2               
3               
3               
3               
3               
3               
3               
3               
3               
3               
3               
3               
3               
4               
4               
4               
4               
4               
4               
4               
4               
4               
5               
5               
5               
5               
5               
5               
5               
5               
5               
5               
5               
5               
5               
5               
6               
6               
6               
6               
6               
6               
7               
7               
7               
7               
7               
7               
7               
7               
7               
7               
7               
8               
8               
8               
8               
8               
8               
8               
8               
8               
9               
9               
9               
9               
9               
9               
9               
9               
9               
9               
9               
9               
9               
9               
9               
10              
10              
10              
10              
9               
9               
9               
9               
9               
9               
9               
9               
9               
9               
9               
9               
9               
9               
9               
9               
9               
9               
9               
9               
9               
9               
9               
9               
9               
9               
9               
9               
9               
9               
9               
9               
10              
10              
10              
10              
10              
10              
10              
10              
10              
10              
11              
11              
11              
11              
11              
11              
11              
11              
11              
11              
11              
11              
11              
11              
11              
11              
11              
11              
11              
12              
12              
12              
12              
12              
12              
12              
12              
12              
13              
13              
13              
13              
13              
13              
14              
14              
14              
14              
14              
14              
14              
15              
15              
15              
15              
16              
16              
16              
16              
17              
17              
17              
17              
17              
17              
17              
17              
17              
16              
16              
16              
16              
16              
16              
16              
16              
16              
17              
17              
17              
17              
16              
16              
16              
16              
16              
16              
16              
15              
15              
15              
14              
14              
14              
14              
14              
14              
14              
13              
12              
11              
10              
9               
9               
7               
6               
6               
5               
5               
5               
4               
4               
4               
4               
4               
4               
4               
4               
4               
5               
5               
5               
6               
6               
7               
8               
8               
9               
9               
9               
9               
9               
9               
9               
9               
9               
10              
10              
10              
10              
10              
10              
10              
10              
10              
9               
9               
9               
9               
9               
9               
9               
9               
9               
9               
9               
9               
9               
9               
9               
9               
9               
9               
8               
8               
32              
32              
32              
32              
32              
32              
32              
32              
32              
32              
32              
32              
32              
32              
32              
32              
32              
32              
32              
32              
32              
32              
32              
32              
32              
32              
32              
32              
32              
32              
32              
32              
32              
32              
32              
32              
32              
32              
32              
32              
32              
32              
32              
32              
32              
32              
32              
32              
32              
32              
32              
32              
32              
32              
32              
32              
32              
32              
32              
32              
32              
32              
32              
32              
32              
32              
32              
32              
32              
32              
32              
32              
32              
32              
32              
32              
32              
32              
32              
32              
32              
32              
32              
32              
32              
32              
32              
32              
32              
32              
32              
32              
32              
32              
32              
32              
32              
32              
32              
32              
32              
32              
32              
32              
32              
32              
32              
32              
32              
32              
32              
32              
32              
32              
32              
32              
32              
32              
32              
32              
32              
32              
32              
32              
32              
32              
32              
32              
32              
32              
32              
32              
32              
32              
32              
32              
32              
32              
32              
32              
32              
32              
32              
32              
32              
32              
32              
32              
32              
32              
32              
32              
32              
32              
32              
32              
32              
32              
32              
32              
32              
32              
32              
32              
32              
32              
32              
32              
32              
32              
32              
32              
32              
32              
32              
32              
32              
32              
32              
32              
32              
32              
32              
32              
32              
32              
32              
32              
32              
32              
32              
32              
32              
32              
32              
32              
32              
32              
32              
32              
32              
32              
32              
32              
32              
32              
32              
32              
32              
32              
32              
32              
32              
32              
32              
32              
32              
32              
32              
32              
32              
32              
32              
32              
32              
32              
32              
32              
32              
32              
32              
32              
32              
32              
32              
32              
32              
32              
32              
32              
32              
32              
32              
32              
32              
32              
32              
32              
32              
32              
32              
32              
32              
32              
32              
32              
32              
32              
32              
32              
32              
32              
32              
32              
32              
32              
32              
32              
32              
32              
32              
32              
32              
32              
32              
32              
32              
32              
32              
32              
32              
32              
32              
32              
32              
32              
32              
32              
32              
32              
32              
32              
32              
32              
32              
32              
32              
32              
32              
32              
32              
32              
32              
32              
32              
32              
32              
32              
32              
32              
32              
32              
32              
32              
32              
32              
32              
32              
32              
32              
32              
32              
32              
32              
32              
32              
32              
32              
32              
32              
32              
32              
32              
32              
32              
32              
32              
32              
32              
32              
32              
32              
32              
32              
32              
32              
32              
32              
32              
32              
32              
32              
32              
32              
32              
32              
32              
32              
32              
32              
32              
32              
32              
32              
32              
32              
32              
32              
32              
32              
32              
32              
32              
32              
32              
32              
32              
32              
32              
32              
32              
32              
32              
32              
32              
32              
32              
32              
32              
32              
32              
32              
32              
32              
32              
32              
32              
32              
32              
32              
32              
32              
32              
32              
32              
32              
32              
32              
32              
32              
32              
32              
32              
32              
32              
32              
32              
32              
32              
32              
32              
32              
32              
32              
32              
32              
32              
32              
32              
32              
32              
32              
32              
32              
32              
32              
32              
32              
32              
32              
32              
32              
32              
32              
32              
32              
32              
32              
32              
32              
32              
32              
32              
32              
32              
32              
32              
32              
32              
32              
32              
32              
32              
32              
32              
32              
32              
32              
32              
32              
32              
32              
32              
32              
32              
32              
32              
32              
32              
32              
32              
32              
32              
32              
32              
32              
32              
32              
32              
32              
32              
32              
32              
32              
32              
32              
32              
32              
32              
32              
32              
32              
32              
32              
32              
32              
32              
32              
32              
32              
32              
32              
32              
32              
32              
32              
32              
32              
32              
32              
32              
32              
32              
32              
32              
32              
32              
32              
32              
32              
32              
32              
32              
32              
32              
32              
32              
32              
32              
32              
32              
32              
32              
32              
32              
32              
32              
32              
32              
32              
32              
32              
32              
32              
32              
32              
32              
32              
32              
32              
32              
32              
32              
32              
32              
32              
32              
32              
32              
32              
32              
32              
32              
32              
32              
32              
32              
32              
32              
32              
32              
32              
32              
32              
32              
32              
32              
32              
32              
32              
32              
32              
32              
32              
32              
32              
32              
32              
32              
32              
32              
32              
32              
32              
32              
32              
32              
32              
32              
32              
32              
32              
32              
32              
32              
32              
32              
32              
32              
32              
32              
32              
32              
32              
32              
32              
32              
32              
32              
32              
32              
32              
32              
32              
32              
32              
32              
32              
32              
32              
32              
32              
32              
32              
32              
32              
32              
32              
32              
32              
32              
32              
32              
32              
32              
32              
32              
32              
32              
32              
32              
32              
32              
32              
32              
32              
32              
32              
32              
32              
32              
32              
32              
32              
32              
32              
32              
32              
32              
32              
32              
32              
32              
32              
32              
32              
32              
32              
32              
32              
32              
32              
32              
32              
32              
32              
32              
32              
32              
32              
32              
32              
32              
32              
32              
32              
32              
32              
32              
32              
32              
32              
32              
32              
32              
32              
32              
32              
32              
32              
32              
32              
32              
32              
32              
32              
32              
32              
32              
32              
32              
32              
32              
32              
32              
32              
32              
32              
32              
32              
32              
32              
32              
32              
32              
32              
32              
32              
32              
32              
32              
32              
32              
32              
32              
32              
32              
32              
32              
32              
32              
32              
32              
32              
32              
32              
32              
32              
32              
32              
32              
32              
32              
32              
32              
32              
32              
32              
32              
32              
32              
32              
32              
32              
32              
32              
32              
32              
32              
32              
32              
32              
32              
32              
32              
32              
32              
32              
32              
32              
32              
32              
32              
32              
32              
32              
32              
32              
32              
32              
32              
32              
32              
32              
32              
32              
32              
32              
32              
32              
32              
32              
32              
32              
32              
32              
32              
32              
32              
32              
32              
32              
32              
32              
32              
32              
32              
32              
32              
32              
32              
32              
32              
32              
32              
32              
32              
32              
32              
32              
32              
32              
32              
32              
32              
32              
32              
32              
32              
32              
32              
32              
32              
32              
32              
32              
32              
32              
32              
32              
32              
32              
32              
32              
32              
32              
32              
32              
32              
32              
32              
32              
32              
32              
32              
32              
32              
32              
32              
32              
32              
32              
32              
32              
32              
32              
32              
32              
32              
32              
32              
32              
32              
32              
32              
32              
32              
32              
32              
32              
32              
32              
32              
32              
32              
32              
32              
32              
32              
32              
32              
32              
32              
32              
32              
32              
32              
32              
32              
32              
32              
32              
32              
32              
32              
32              
32              
32              
32              
32              
32              
32              
32              
32              
32              
32              
32              
32              
32              
32              
32              
32              
32              
32              
32              
32              
32              
32              
32              
32              
32              
32              
32              
32              
32              
32              
32              
32              
32              
32              
32              
32              
32              
32              
32              
32              
32              
32              
32              
32              
32              
32              
32              
32              
32              
32              
32              
32              
32              
32              
32              
32              
32              
32              
32              
32              
32              
32              
32              
32              
32              
32              
32              
32              
32              
32              
32              
32              
32              
32              
32              
32              
32              
32              
32              
32              
32              
32              
32              
32              
32              
32              
32              
32              
32              
32              
32              
32              
32              
32              
32              
32              
32              
32              
32              
32              
32              
32              
32              
32              
32              
32              
32              
32              
32              
32              
32              
32              
32              
32              
32              
32              
32              
32              
32              
32              
32              
32              
32              
32              
32              
32              
32              
32              
32              
32              
32              
32              
32              
32              
32              
32              
32              
32              
32              
32              
32              
32              
32              
32              
32              
32              
32              
32              
32              
32              
32              
32              
32              
32              
32              
32              
32              
32              
32              
32              
32              
32              
32              
32              
32              
32              
32              
32              
32              
32              
32              
32              
32              
32              
32              
32              
32              
32              
32              
32              
32              
32              
32              
32              
32              
32              
32              
32              
32              
32              
32              
32              
32              
32              
32              
32              
32              
32              
32              
32              
32              
32              
32              
32              
32              
32              
32              
32              
32              
32              
32              
32              
32              
32              
32              
32              
32              
32              
32              
32              
32              
32              
32              
32              
0               
6553            
32767           
45              
120             
20              
20              
0               
0               
0               
1               
250             
-6              
-6              
32767           
6               
-15             
15              
-68             
-70             
-77             
-83             
-82             
-85             
-88             
-92             
-93             
-95             
-97             
-97             
-97             
-99             
-99             
-100            
-100            
-101            
-102            
-103            
-103            
-102            
-104            
-103            
-104            
-104            
-105            
-105            
-106            
-105            
-105            
-105            
-105            
-105            
-105            
-106            
-106            
-105            
-106            
-106            
-105            
-105            
-106            
-106            
-105            
-105            
-105            
-105            
-106            
-106            
-106            
-105            
-105            
-106            
-105            
-107            
-106            
-106            
-105            
-106            
-105            
-106            
-106            
-106            
-105            
-105            
-107            
-106            
-105            
-105            
-105            
-104            
-105            
-105            
-105            
-106            
-104            
-104            
-104            
-105            
-105            
-105            
-104            
-104            
-105            
-103            
-103            
-105            
-104            
-104            
-105            
-104            
-105            
-105            
-103            
-103            
-103            
-102            
-102            
-103            
-103            
-104            
-103            
-103            
-103            
-103            
-103            
-102            
-102            
-102            
-103            
-103            
-103            
-103            
-102            
-103            
-103            
-102            
-102            
-102            
-102            
-103            
-103            
-104            
-104            
-104            
-104            
-103            
-103            
-103            
-103            
-103            
-103            
-103            
-102            
-103            
-103            
-102            
-102            
-103            
-103            
-103            
-103            
-103            
-103            
-103            
-103            
-102            
-103            
-103            
-103            
-103            
-103            
-104            
-103            
-104            
-103            
-102            
-103            
-103            
-103            
-104            
-103            
-104            
-104            
-103            
-103            
-103            
-103            
-105            
-103            
-103            
-103            
-103            
-103            
-104            
-104            
-104            
-104            
-103            
-104            
-104            
-104            
-103            
-102            
-103            
-104            
-104            
-104            
-103            
-103            
-103            
-104            
-104            
-104            
-103            
-103            
-104            
-103            
-103            
-103            
-104            
-104            
-104            
-103            
-102            
-103            
-104            
-103            
-102            
-103            
-103            
-104            
-103            
-103            
-103            
-103            
-104            
-103            
-104            
-104            
-105            
-103            
-103            
-104            
-103            
-102            
-103            
-104            
-103            
-104            
-103            
-104            
-104            
-103            
-103            
-103            
-103            
-103            
-104            
-104            
-103            
-103            
-104            
-103            
-103            
-103            
-104            
-103            
-102            
-103            
-103            
-103            
-103            
-103            
-103            
-103            
-103            
-103            
-103            
-103            
-103            
-102            
-103            
-103            
-103            
-102            
-103            
-103            
-103            
-102            
-103            
-103            
-103            
-102            
-103            
-103            
-103            
-101            
-101            
-102            
-103            
-102            
-102            
-102            
-102            
-102            
-102            
-102            
-102            
-100            
-101            
-101            
-101            
-101            
-101            
-100            
-100            
-100            
-100            
-101            
-100            
-100            
-100            
-101            
-99             
-100            
-100            
-100            
-99             
-99             
-100            
-99             
-99             
-99             
-100            
-99             
-98             
-98             
-98             
-97             
-97             
-97             
-97             
-97             
-97             
-97             
-97             
-97             
-96             
-95             
-95             
-96             
-96             
-96             
-95             
-95             
-94             
-95             
-96             
-96             
-96             
-96             
-96             
-96             
-96             
-95             
-96             
-96             
-96             
-97             
-97             
-97             
-97             
-96             
-98             
-98             
-99             
-99             
-99             
-99             
-99             
-100            
-99             
-100            
-100            
-100            
-100            
-100            
-101            
-101            
-100            
-100            
-100            
-100            
-100            
-101            
-101            
-101            
-101            
-102            
-102            
-102            
-102            
-102            
-101            
-102            
-102            
-103            
-102            
-102            
-102            
-102            
-103            
-102            
-101            
-102            
-102            
-102            
-102            
-103            
-104            
-104            
-103            
-103            
-102            
-102            
-102            
-103            
-103            
-103            
-103            
-103            
-103            
-102            
-102            
-103            
-103            
-103            
-103            
-104            
-104            
-103            
-103            
-103            
-103            
-104            
-103            
-103            
-104            
-103            
-104            
-104            
-104            
-104            
-103            
-104            
-104            
-104            
-104            
-104            
-103            
-104            
-105            
-104            
-103            
-104            
-103            
-103            
-104            
-105            
-104            
-104            
-104            
-105            
-104            
-103            
-105            
-104            
-104            
-104            
-104            
-104            
-105            
-104            
-104            
-104            
-105            
-105            
-105            
-105            
-104            
-104            
-104            
-104            
-104            
-104            
-105            
-104            
-105            
-105            
-104            
-104            
-103            
-104            
-104            
-104            
-104            
-104            
-104            
-104            
-93             
-92             
-92             
-92             
-92             
-92             
-92             
-92             
-92             
-92             
-92             
-92             
-92             
-92             
-92             
-92             
-92             
-92             
-92             
-92             
-92             
-92             
-92             
-92             
-78             
-82             
-83             
-85             
-88             
-92             
-93             
-95             
-97             
-97             
-97             
-98             
-99             
-99             
-99             
-101            
-102            
-101            
-102            
-102            
-103            
-104            
-103            
-103            
-104            
-104            
-104            
-105            
-105            
-104            
-103            
-105            
-104            
-105            
-105            
-105            
-106            
-105            
-106            
-106            
-104            
-105            
-106            
-105            
-105            
-106            
-106            
-105            
-105            
-105            
-104            
-105            
-105            
-105            
-105            
-106            
-106            
-106            
-105            
-105            
-105            
-105            
-105            
-105            
-104            
-103            
-105            
-105            
-104            
-104            
-104            
-103            
-104            
-105            
-104            
-103            
-104            
-105            
-105            
-104            
-104            
-104            
-104            
-103            
-103            
-103            
-103            
-104            
-103            
-103            
-104            
-104            
-102            
-102            
-102            
-102            
-103            
-103            
-103            
-103            
-103            
-102            
-102            
-103            
-102            
-101            
-102            
-102            
-101            
-102            
-102            
-102            
-102            
-102            
-103            
-103            
-102            
-102            
-102            
-103            
-102            
-102            
-102            
-103            
-103            
-103            
-104            
-104            
-104            
-103            
-103            
-103            
-102            
-103            
-104            
-103            
-102            
-102            
-103            
-103            
-103            
-103            
-103            
-103            
-102            
-103            
-103            
-103            
-103            
-103            
-101            
-103            
-103            
-103            
-103            
-104            
-104            
-103            
-103            
-103            
-103            
-104            
-103            
-103            
-103            
-103            
-103            
-104            
-103            
-102            
-103            
-103            
-103            
-102            
-102            
-103            
-103            
-103            
-104            
-103            
-104            
-103            
-103            
-103            
-103            
-103            
-103            
-104            
-104            
-103            
-104            
-104            
-103            
-103            
-102            
-102            
-103            
-103            
-103            
-103            
-103            
-103            
-104            
-104            
-104            
-103            
-103            
-103            
-103            
-103            
-102            
-100            
-101            
-103            
-104            
-103            
-103            
-103            
-103            
-102            
-103            
-103            
-103            
-104            
-103            
-103            
-103            
-103            
-102            
-102            
-102            
-103            
-103            
-102            
-103            
-102            
-103            
-102            
-102            
-103            
-103            
-102            
-103            
-103            
-103            
-102            
-102            
-103            
-103            
-102            
-102            
-103            
-101            
-102            
-102            
-102            
-101            
-102            
-101            
-102            
-102            
-101            
-101            
-101            
-101            
-101            
-101            
-101            
-101            
-101            
-101            
-101            
-101            
-101            
-100            
-100            
-100            
-100            
-99             
-98             
-98             
-99             
-100            
-99             
-99             
-100            
-99             
-98             
-97             
-97             
-97             
-98             
-98             
-98             
-98             
-97             
-97             
-97             
-96             
-96             
-97             
-96             
-97             
-97             
-95             
-95             
-96             
-96             
-96             
-96             
-96             
-97             
-96             
-96             
-96             
-97             
-97             
-97             
-98             
-98             
-97             
-97             
-98             
-98             
-97             
-99             
-98             
-98             
-98             
-100            
-99             
-100            
-99             
-99             
-101            
-100            
-100            
-100            
-100            
-100            
-101            
-101            
-101            
-101            
-102            
-101            
-101            
-102            
-101            
-101            
-102            
-102            
-102            
-102            
-102            
-101            
-101            
-103            
-103            
-103            
-103            
-102            
-103            
-102            
-102            
-102            
-102            
-103            
-103            
-103            
-103            
-102            
-103            
-103            
-104            
-103            
-103            
-103            
-103            
-104            
-103            
-104            
-103            
-104            
-104            
-103            
-104            
-104            
-103            
-104            
-105            
-104            
-103            
-103            
-103            
-104            
-104            
-103            
-103            
-103            
-104            
-103            
-104            
-104            
-103            
-104            
-104            
-103            
-104            
-104            
-104            
-103            
-104            
-103            
-103            
-104            
-104            
-105            
-104            
-104            
-104            
-104            
-104            
-104            
-103            
-103            
-104            
-104            
-104            
-104            
-104            
-104            
-104            
-104            
-104            
-105            
-104            
-103            
-104            
-103            
-103            
-103            
-105            
-105            
-104            
-104            
-104            
-105            
-105            
-104            
-104            
-105            
-105            
-104            
-105            
-105            
-104            
-103            
-104            
-104            
-105            
-104            
-105            
-105            
-104            
-104            
-104            
-104            
-105            
-104            
-104            
-105            
-105            
-104            
-104            
-105            
-104            
-104            
-104            
-103            
-103            
-103            
-104            
-104            
-105            
-104            
-104            
-104            
-105            
-93             
-92             
-92             
-92             
-92             
-92             
-92             
-92             
-92             
-92             
-92             
-92             
-92             
-92             
-92             
-92             
-92             
-92             
-92             
-92             
-92             
-92             
-92             
-92             
-144            
-144            
-144            
-144            
-144            
-144            
-144            
-144            
-144            
-144            
-144            
-144            
-144            
-144            
-144            
-144            
-144            
-144            
-144            
-144            
-144            
-144            
-144            
-144            
-144            
-144            
-144            
-144            
-144            
-144            
-144            
-144            
-144            
-144            
-144            
-144            
-144            
-144            
-144            
-144            
-144            
-144            
-144            
-144            
-144            
-144            
-144            
-144            
-144            
-144            
-144            
-144            
-144            
-144            
-144            
-144            
-144            
-144            
-144            
-144            
-144            
-144            
-144            
-144            
-144            
-144            
-144            
-144            
-144            
-144            
-144            
-144            
-144            
-144            
-144            
-144            
-144            
-144            
-144            
-144            
-144            
-144            
-144            
-144            
-144            
-144            
-144            
-144            
-144            
-144            
-144            
-144            
-144            
-144            
-144            
-144            
-144            
-144            
-144            
-144            
-144            
-144            
-144            
-144            
-144            
-144            
-144            
-144            
-144            
-144            
-144            
-144            
-144            
-144            
-144            
-144            
-144            
-144            
-144            
-144            
-144            
-144            
-144            
-144            
-144            
-144            
-144            
-144            
-144            
-144            
-144            
-144            
-144            
-144            
-144            
-144            
-144            
-144            
-144            
-144            
-144            
-144            
-144            
-144            
-144            
-144            
-144            
-144            
-144            
-144            
-144            
-144            
-144            
-144            
-144            
-144            
-144            
-144            
-144            
-144            
-144            
-144            
-144            
-144            
-144            
-144            
-144            
-144            
-144            
-144            
-144            
-144            
-144            
-144            
-144            
-144            
-144            
-144            
-144            
-144            
-144            
-144            
-144            
-144            
-144            
-144            
-144            
-144            
-144            
-144            
-144            
-144            
-144            
-144            
-144            
-144            
-144            
-144            
-144            
-144            
-144            
-144            
-144            
-144            
-144            
-144            
-144            
-144            
-144            
-144            
-144            
-144            
-144            
-144            
-144            
-144            
-144            
-144            
-144            
-144            
-144            
-144            
-144            
-144            
-144            
-144            
-144            
-144            
-144            
-144            
-144            
-144            
-144            
-144            
-144            
-144            
-144            
-144            
-144            
-144            
-144            
-144            
-144            
-144            
-144            
-144            
-144            
-144            
-144            
-144            
-144            
-144            
-144            
-144            
-144            
-144            
-144            
-144            
-144            
-144            
-144            
-144            
-144            
-144            
-144            
-144            
-144            
-144            
-144            
-144            
-144            
-144            
-144            
-144            
-144            
-144            
-144            
-144            
-144            
-144            
-144            
-144            
-144            
-144            
-144            
-144            
-144            
-144            
-144            
-144            
-144            
-144            
-144            
-144            
-144            
-144            
-144            
-144            
-144            
-144            
-144            
-144            
-144            
-144            
-144            
-144            
-144            
-144            
-144            
-144            
-144            
-144            
-144            
-144            
-144            
-144            
-144            
-144            
-144            
-144            
-144            
-144            
-144            
-144            
-144            
-144            
-144            
-144            
-144            
-144            
-144            
-144            
-144            
-144            
-144            
-144            
-144            
-144            
-144            
-144            
-144            
-144            
-144            
-144            
-144            
-144            
-144            
-144            
-144            
-144            
-144            
-144            
-144            
-144            
-144            
-144            
-144            
-144            
-144            
-144            
-144            
-144            
-144            
-144            
-144            
-144            
-144            
-144            
-144            
-144            
-144            
-144            
-144            
-144            
-144            
-144            
-144            
-144            
-144            
-144            
-144            
-144            
-144            
-144            
-144            
-144            
-144            
-144            
-144            
-144            
-144            
-144            
-144            
-144            
-144            
-144            
-144            
-144            
-144            
-144            
-144            
-144            
-144            
-144            
-144            
-144            
-144            
-144            
-144            
-144            
-144            
-144            
-144            
-144            
-144            
-144            
-144            
-144            
-144            
-144            
-144            
-144            
-144            
-144            
-144            
-144            
-144            
-144            
-144            
-144            
-144            
-144            
-144            
-144            
-144            
-144            
-144            
-144            
-144            
-144            
-144            
-144            
-144            
-144            
-144            
-144            
-144            
-144            
-144            
-144            
-144            
-144            
-144            
-144            
-144            
-144            
-144            
-144            
-144            
-144            
-144            
-144            
-144            
-144            
-144            
-144            
-144            
-144            
-144            
-144            
-144            
-144            
-144            
-144            
-144            
-144            
-144            
-144            
-144            
-144            
-144            
-144            
-144            
-144            
-144            
-144            
-144            
-144            
-144            
-144            
-144            
-144            
-144            
-144            
-144            
-144            
-144            
-144            
-144            
-144            
-144            
-144            
-144            
-144            
-144            
-144            
-144            
-144            
-144            
-144            
-144            
-144            
-144            
-144            
-144            
-144            
-144            
-144            
-144            
-144            
-144            
-144            
-144            
-144            
-144            
-144            
-144            
-144            
-144            
-144            
-144            
-144            
-144            
-144            
-144            
-144            
-144            
-144            
-144            
-144            
-144            
-144            
-144            
-144            
-144            
-144            
-144            
-144            
-144            
-144            
-144            
-144            
-144            
-144            
-144            
-144            
-144            
-144            
-144            
-144            
-144            
-144            
-144            
-144            
-144            
-144            
-144            
-144            
-144            
-144            
-144            
-144            
-144            
-144            
-144            
-144            
-144            
-144            
-144            
-144            
-144            
-144            
-144            
-144            
-144            
-144            
-144            
-144            
-144            
-144            
-144            
-144            
-144            
-144            
-144            
-144            
-144            
-144            
-144            
-144            
-144            
-144            
-144            
-144            
-144            
-144            
-144            
-144            
-144            
-144            
-144            
-144            
-144            
-144            
-144            
-144            
-144            
-144            
-144            
-144            
-144            
-144            
-144            
-144            
-144            
-144            
-144            
-144            
-144            
-144            
-144            
-144            
-144            
-144            
-144            
-144            
-144            
-144            
-144            
-144            
-144            
-144            
-144            
-144            
-144            
-144            
-144            
-144            
-144            
-144            
-144            
-144            
-144            
-144            
-144            
-144            
-144            
-144            
-144            
-144            
-144            
-144            
-144            
-144            
-144            
-144            
-144            
-144            
-144            
-144            
-144            
-144            
-144            
-144            
-144            
-144            
-144            
-144            
-144            
-144            
-144            
-144            
-144            
-144            
-144            
-144            
-144            
-144            
-144            
-144            
-144            
-144            
-144            
-144            
-144            
-144            
-144            
-144            
-144            
-144            
-144            
-144            
-144            
-144            
-144            
-144            
-144            
-144            
-144            
-144            
-144            
-144            
-144            
-144            
-144            
-144            
-144            
-144            
-144            
-144            
-144            
-144            
-144            
-144            
-144            
-144            
-144            
-144            
-144            
-144            
-144            
-144            
-144            
-144            
-144            
-144            
-144            
-144            
-144            
-144            
-144            
-144            
-144            
-144            
-144            
-144            
-144            
-144            
-144            
-144            
-144            
-144            
-144            
-144            
-144            
-144            
-144            
-144            
-144            
-144            
-144            
-144            
-144            
-144            
-144            
-144            
-144            
-144            
-144            
-144            
-144            
-144            
-144            
-144            
-144            
-144            
-144            
-144            
-144            
-144            
-144            
-144            
-144            
-144            
-144            
-144            
-144            
-144            
-144            
-144            
-144            
-144            
-144            
-144            
-144            
-144            
-144            
-144            
-144            
-144            
-144            
-144            
-144            
-144            
-144            
-144            
-144            
-144            
-144            
-144            
-144            
-144            
-144            
-144            
-144            
-144            
-144            
-144            
-144            
-144            
-144            
-144            
-144            
-144            
-144            
-144            
-144            
-144            
-144            
-144            
-144            
-144            
-144            
-144            
-144            
-144            
-144            
-144            
-144            
-144            
-144            
-144            
-144            
-144            
-144            
-144            
-144            
-144            
-144            
-144            
-144            
-144            
-144            
-144            
-144            
-144            
-144            
-144            
-144            
-144            
-144            
-144            
-144            
-144            
-144            
-144            
-144            
-144            
-144            
-144            
-144            
-144            
-144            
-144            
-144            
-144            
-144            
-144            
-144            
-144            
-144            
-144            
-144            
-144            
-144            
-144            
-144            
-144            
-144            
-144            
-144            
-144            
-144            
-144            
-144            
-144            
-144            
-144            
-144            
-144            
-144            
-144            
-144            
-144            
-144            
-144            
-144            
-144            
-144            
-144            
-144            
-144            
-144            
-144            
-144            
-144            
-144            
-144            
-144            
-144            
-144            
-144            
-144            
-144            
-144            
-144            
-144            
-144            
-144            
-144            
-144            
-144            
-144            
-144            
-144            
-144            
-144            
-144            
-144            
-144            
-144            
-144            
-144            
-144            
-144            
-144            
-144            
-144            
-144            
-144            
-144            
-144            
-144            
-144            
-144            
-144            
-144            
-144            
-144            
-144            
-144            
-144            
-144            
-144            
-144            
-144            
-144            
-144            
-144            
-144            
-144            
-144            
-144            
-144            
-144            
-144            
-144            
-144            
-144            
-144            
-144            
-144            
-144            
-144            
-144            
-144            
-144            
-144            
-144            
-144            
-144            
-144            
-144            
-144            
-144            
-144            
-144            
-144            
-144            
-144            
-144            
-144            
-144            
-144            
-144            
-144            
-144            
-144            
-144            
-144            
-144            
-144            
-144            
-144            
-144            
-144            
-144            
-144            
-144            
-144            
-144            
-144            
-144            
-144            
0               
0               
6               
0               
-13             
0               
0               
-4              
2344            
4687            
0               
-15             
-3              
-20             
0               
9830            
1638            
655             
0               
-20             
0               
0               
300             
300             
0               
0               
0               
0               
32767           
0               
0               
10976           
0               
-96             
28642           
0               
0               
-13             
16384           
16384           
16384           
16384           
16384           
-12             
-18             
96              
440             
6826            
6826            
6826            
6826            
6826            
0               
1               
10              
60              
-15             
-15             
1               
0               
-6              
-6              
1000            
1000            
6               
6               
0               
0               
300             
0               
100             
1               
0               
20              
0               
20              
0               
6               
0               
2200            
150             
0               
0               
0               
0               
3               
10              
1               
-4096           
19000           
100             
0               
0               
0               
0               
3               
10              
1               
0               
9000            
100             
0               
0               
0               
0               
3               
10              
1               
0               
14000           
100             
0               
0               
0               
0               
3               
10              
1               
0               
5500            
200             
0               
0               
0               
0               
3               
10              
1               
0               
20              
96              
0               
0               
0               
0               
3               
10              
1               
0               
20              
96              
0               
0               
0               
0               
3               
10              
1               
0               
20              
96              
0               
0               
0               
0               
3               
10              
1               
0               
20              
96              
0               
0               
0               
0               
3               
10              
1               
0               
20              
96              
0               
0               
0               
0               
3               
10              
1               
2               
0               
200             
100             
-16             
2000            
100             
-16             
1               
1               
20              
5               
0               
20              
0               
0               
2000            
5000            
0               
-96             
-80             
-50             
-30             
0               
-96             
-80             
-50             
-30             
0               
0               
0               
20              
2               
1               
20              
0               
0               
10000           
10000           
0               
-96             
0               
0               
0               
0               
-96             
0               
0               
0               
0               
1               
0               
20              
2               
1               
20              
0               
0               
10000           
10000           
0               
-96             
0               
0               
0               
0               
-96             
0               
0               
0               
0               
1               
0               
20              
2               
1               
20              
0               
0               
10000           
10000           
0               
-96             
0               
0               
0               
0               
-96             
0               
0               
0               
0               
1               
0               
20              
2               
1               
20              
0               
0               
10000           
10000           
0               
-96             
0               
0               
0               
0               
-96             
0               
0               
0               
0               
1               
0               
1               
20              
5               
0               
20              
0               
0               
2000            
5000            
0               
-96             
-85             
-50             
-31             
0               
-96             
-85             
-45             
-31             
-31             
0               
0               
1               
-1              
30              
0               
0               
90              
75              
100             
10              
10              
0               
0               
-20             
-20             
-96             
-20             
-6              
33              
50              
200             
10              
0               
1               
2               
3               
0               
1               
2               
3               
0               
0               
0               
0               
0               
-30             
0               
100             
96              
86              
6826            
6826            
6826            
6826            
6826            
6826            
6826            
6826            
6826            
6826            
0               
300             
100             
100             
600             
0               
0               

// Volume 0
